          1.35804513          2.71299861          0.14809980         -6.15217590
          1.36108325          2.71279689          0.14732602         -6.15318781
          1.36414566          2.71263896          0.14664318         -6.15425999
          1.36722587          2.71251769          0.14603717         -6.15539429
          1.37031922          2.71242725          0.14549625         -6.15659212
          1.37342240          2.71236289          0.14501072         -6.15785459
          1.37653300          2.71232074          0.14457256         -6.15918256
          1.37964927          2.71229762          0.14417514         -6.16057673
          1.38276991          2.71229094          0.14381296         -6.16203768
          1.38589395          2.71229855          0.14348143         -6.16356588
          1.38902066          2.71231864          0.14317669         -6.16516172
          1.39214949          2.71234973          0.14289548         -6.16682557
          1.39528000          2.71239055          0.14263505         -6.16855771
          1.39841187          2.71244005          0.14239306         -6.17035841
          1.40154483          2.71249730          0.14216747         -6.17222791
          1.40467868          2.71256155          0.14195656         -6.17416641
          1.40781325          2.71263212          0.14175883         -6.17617412
          1.41094841          2.71270842          0.14157295         -6.17825120
          1.41408405          2.71278998          0.14139781         -6.18039782
          1.41722010          2.71287634          0.14123238         -6.18261414
          1.42035647          2.71296713          0.14107579         -6.18490028
          1.42349312          2.71306200          0.14092727         -6.18725640
          1.42662998          2.71316068          0.14078611         -6.18968260
          1.42976704          2.71326288          0.14065170         -6.19217900
          1.43290424          2.71336839          0.14052350         -6.19474573
          1.43604156          2.71347699          0.14040101         -6.19738287
          1.43917899          2.71358850          0.14028379         -6.20009054
          1.44231649          2.71370275          0.14017144         -6.20286883
          1.44545406          2.71381960          0.14006360         -6.20571782
          1.44859167          2.71393890          0.13995995         -6.20863760
          1.45172932          2.71406055          0.13986018         -6.21162826
          1.45486700          2.71418442          0.13976404         -6.21468986
          1.45800469          2.71431043          0.13967128         -6.21782249
          1.46114240          2.71443847          0.13958166         -6.22102621
          1.46428010          2.71456848          0.13949500         -6.22430108
          1.46741780          2.71470036          0.13941110         -6.22764718
          1.47055550          2.71483406          0.13932978         -6.23106455
          1.47369318          2.71496951          0.13925090         -6.23455325
          1.47683084          2.71510665          0.13917430         -6.23811334
          1.47996848          2.71524543          0.13909984         -6.24174486
          1.48310610          2.71538580          0.13902741         -6.24544786
          1.48624369          2.71552772          0.13895689         -6.24922237
          1.48938126          2.71567114          0.13888816         -6.25306844
          1.49251879          2.71581603          0.13882114         -6.25698610
          1.49565629          2.71596235          0.13875572         -6.26097539
          1.49879376          2.71611007          0.13869183         -6.26503632
          1.50193119          2.71625916          0.13862937         -6.26916894
          1.50506859          2.71640958          0.13856828         -6.27337325
          1.50820594          2.71656132          0.13850849         -6.27764929
          1.51134326          2.71671435          0.13844992         -6.28199705
          1.51448054          2.71686864          0.13839253         -6.28641657
          1.51761777          2.71702417          0.13833624         -6.29090785
          1.52075497          2.71718093          0.13828101         -6.29547089
          1.52389212          2.71733889          0.13822678         -6.30010570
          1.52702922          2.71749804          0.13817351         -6.30481228
          1.53016628          2.71765837          0.13812115         -6.30959062
          1.53330330          2.71781985          0.13806966         -6.31444073
          1.53644027          2.71798247          0.13801900         -6.31936260
          1.53957720          2.71814622          0.13796912         -6.32435620
          1.54271408          2.71831108          0.13792001         -6.32942154
          1.54585091          2.71847706          0.13787161         -6.33455859
          1.54898769          2.71864412          0.13782391         -6.33976732
          1.55212443          2.71881227          0.13777686         -6.34504772
          1.55526112          2.71898149          0.13773044         -6.35039977
          1.55839776          2.71915177          0.13768463         -6.35582342
          1.56153435          2.71932311          0.13763939         -6.36131865
          1.56467089          2.71949550          0.13759470         -6.36688543
          1.56780738          2.71966892          0.13755054         -6.37252371
          1.57094382          2.71984338          0.13750689         -6.37823345
          1.57408021          2.72001886          0.13746372         -6.38401461
          1.57721655          2.72019537          0.13742102         -6.38986713
          1.58035284          2.72037288          0.13737876         -6.39579098
          1.58348908          2.72055140          0.13733693         -6.40178610
          1.58662527          2.72073093          0.13729551         -6.40785242
          1.58976140          2.72091145          0.13725449         -6.41398990
          1.59289748          2.72109297          0.13721384         -6.42019846
          1.59603351          2.72127547          0.13717355         -6.42647804
          1.59916948          2.72145896          0.13713361         -6.43282858
          1.60230541          2.72164343          0.13709400         -6.43925000
          1.60544127          2.72182887          0.13705471         -6.44574222
          1.60857709          2.72201529          0.13701572         -6.45230518
          1.61171285          2.72220268          0.13697703         -6.45893878
          1.61484856          2.72239103          0.13693863         -6.46564295
          1.61798421          2.72258035          0.13690049         -6.47241760
          1.62111980          2.72277063          0.13686262         -6.47926264
          1.62425534          2.72296187          0.13682499         -6.48617798
          1.62739083          2.72315406          0.13678761         -6.49316352
          1.63052626          2.72334721          0.13675045         -6.50021917
          1.63366163          2.72354131          0.13671351         -6.50734481
          1.63679695          2.72373637          0.13667679         -6.51454036
          1.63993221          2.72393237          0.13664027         -6.52180570
          1.64306741          2.72412932          0.13660394         -6.52914072
          1.64620256          2.72432721          0.13656780         -6.53654531
          1.64933764          2.72452605          0.13653184         -6.54401935
          1.65247267          2.72472584          0.13649605         -6.55156272
          1.65560764          2.72492657          0.13646043         -6.55917531
          1.65874256          2.72512824          0.13642496         -6.56685698
          1.66187741          2.72533085          0.13638964         -6.57460762
          1.66501220          2.72553440          0.13635447         -6.58242708
          1.66814694          2.72573889          0.13631943         -6.59031524
          1.67128161          2.72594432          0.13628453         -6.59827196
          1.67441623          2.72615069          0.13624975         -6.60629710
          1.67755078          2.72635800          0.13621509         -6.61439052
          1.68068527          2.72656625          0.13618055         -6.62255208
          1.68381971          2.72677543          0.13614612         -6.63078161
          1.68695407          2.72698555          0.13611179         -6.63907898
          1.69008838          2.72719661          0.13607756         -6.64744404
          1.69322263          2.72740861          0.13604342         -6.65587661
          1.69635681          2.72762155          0.13600937         -6.66437655
          1.69949093          2.72783543          0.13597541         -6.67294370
          1.70262499          2.72805024          0.13594153         -6.68157788
          1.70575898          2.72826600          0.13590772         -6.69027893
          1.70889291          2.72848269          0.13587399         -6.69904668
          1.71202677          2.72870033          0.13584032         -6.70788095
          1.71516057          2.72891890          0.13580672         -6.71678158
          1.71829431          2.72913842          0.13577318         -6.72574837
          1.72142798          2.72935888          0.13573969         -6.73478115
          1.72456158          2.72958028          0.13570626         -6.74387973
          1.72769512          2.72980263          0.13567287         -6.75304392
          1.73082859          2.73002592          0.13563953         -6.76227354
          1.73396199          2.73025016          0.13560623         -6.77156839
          1.73709532          2.73047534          0.13557298         -6.78092828
          1.74022859          2.73070148          0.13553975         -6.79035300
          1.74336179          2.73092856          0.13550656         -6.79984235
          1.74649492          2.73115659          0.13547340         -6.80939613
          1.74962798          2.73138557          0.13544026         -6.81901414
          1.75276097          2.73161551          0.13540715         -6.82869615
          1.75589390          2.73184639          0.13537405         -6.83844197
          1.75902675          2.73207824          0.13534098         -6.84825137
          1.76215953          2.73231104          0.13530792         -6.85812414
          1.76529224          2.73254480          0.13527487         -6.86806005
          1.76842488          2.73277952          0.13524183         -6.87805889
          1.77155744          2.73301520          0.13520880         -6.88812042
          1.77468993          2.73325184          0.13517577         -6.89824441
          1.77782236          2.73348945          0.13514274         -6.90843064
          1.78095470          2.73372802          0.13510971         -6.91867888
          1.78408697          2.73396756          0.13507668         -6.92898887
          1.78721917          2.73420807          0.13504364         -6.93936039
          1.79035130          2.73444956          0.13501060         -6.94979319
          1.79348335          2.73469201          0.13497754         -6.96028703
          1.79661532          2.73493544          0.13494448         -6.97084166
          1.79974721          2.73517985          0.13491139         -6.98145683
          1.80287903          2.73542524          0.13487830         -6.99213228
          1.80601078          2.73567161          0.13484518         -7.00286777
          1.80914244          2.73591896          0.13481204         -7.01366303
          1.81227403          2.73616730          0.13477888         -7.02451780
          1.81540553          2.73641663          0.13474569         -7.03543182
          1.81853696          2.73666695          0.13471248         -7.04640482
          1.82166831          2.73691825          0.13467924         -7.05743654
          1.82479958          2.73717056          0.13464597         -7.06852671
          1.82793077          2.73742386          0.13461266         -7.07967504
          1.83106187          2.73767816          0.13457932         -7.09088128
          1.83419290          2.73793346          0.13454594         -7.10214513
          1.83732384          2.73818976          0.13451253         -7.11346631
          1.84045470          2.73844707          0.13447907         -7.12484455
          1.84358547          2.73870539          0.13444557         -7.13627956
          1.84671616          2.73896473          0.13441203         -7.14777105
          1.84984677          2.73922507          0.13437845         -7.15931872
          1.85297729          2.73948644          0.13434481         -7.17092229
          1.85610773          2.73974882          0.13431113         -7.18258146
          1.85923807          2.74001222          0.13427740         -7.19429594
          1.86236834          2.74027666          0.13424361         -7.20606541
          1.86549851          2.74054211          0.13420977         -7.21788958
          1.86862860          2.74080860          0.13417587         -7.22976814
          1.87175859          2.74107613          0.13414192         -7.24170080
          1.87488850          2.74134469          0.13410791         -7.25368722
          1.87801832          2.74161429          0.13407384         -7.26572711
          1.88114805          2.74188493          0.13403970         -7.27782015
          1.88427768          2.74215662          0.13400551         -7.28996602
          1.88740723          2.74242935          0.13397124         -7.30216440
          1.89053668          2.74270314          0.13393691         -7.31441497
          1.89366604          2.74297798          0.13390252         -7.32671741
          1.89679530          2.74325389          0.13386805         -7.33907139
          1.89992447          2.74353085          0.13383351         -7.35147658
          1.90305354          2.74380888          0.13379890         -7.36393266
          1.90618252          2.74408797          0.13376421         -7.37643928
          1.90931141          2.74436814          0.13372945         -7.38899611
          1.91244019          2.74464938          0.13369461         -7.40160283
          1.91556888          2.74493170          0.13365969         -7.41425907
          1.91869746          2.74521510          0.13362469         -7.42696452
          1.92182595          2.74549959          0.13358961         -7.43971881
          1.92495434          2.74578517          0.13355445         -7.45252161
          1.92808263          2.74607184          0.13351920         -7.46537256
          1.93121082          2.74635960          0.13348386         -7.47827132
          1.93433890          2.74664847          0.13344844         -7.49121753
          1.93746688          2.74693843          0.13341293         -7.50421084
          1.94059476          2.74722951          0.13337733         -7.51725089
          1.94372253          2.74752169          0.13334163         -7.53033733
          1.94685019          2.74781499          0.13330585         -7.54346979
          1.94997775          2.74810941          0.13326996         -7.55664791
          1.95310521          2.74840496          0.13323399         -7.56987132
          1.95623255          2.74870163          0.13319791         -7.58313966
          1.95935979          2.74899942          0.13316173         -7.59645255
          1.96248692          2.74929836          0.13312546         -7.60980964
          1.96561394          2.74959843          0.13308908         -7.62321054
          1.96874084          2.74989965          0.13305260         -7.63665488
          1.97186764          2.75020201          0.13301601         -7.65014228
          1.97499432          2.75050552          0.13297932         -7.66367236
          1.97812089          2.75081019          0.13294252         -7.67724475
          1.98124734          2.75111602          0.13290561         -7.69085906
          1.98437368          2.75142302          0.13286859         -7.70451491
          1.98749990          2.75173118          0.13283146         -7.71821190
          1.99062600          2.75204051          0.13279422         -7.73194966
          1.99375199          2.75235103          0.13275686         -7.74572779
          1.99687786          2.75266272          0.13271938         -7.75954589
          2.00000360          2.75297560          0.13268179         -7.77340359
          2.00312923          2.75328967          0.13264408         -7.78730047
          2.00625474          2.75360494          0.13260624         -7.80123615
          2.00938012          2.75392141          0.13256829         -7.81521021
          2.01250538          2.75423908          0.13253021         -7.82922228
          2.01563051          2.75455797          0.13249200         -7.84327193
          2.01875552          2.75487806          0.13245367         -7.85735877
          2.02188040          2.75519938          0.13241522         -7.87148239
          2.02500515          2.75552193          0.13237663         -7.88564238
          2.02812977          2.75584570          0.13233791         -7.89983834
          2.03125427          2.75617070          0.13229906         -7.91406985
          2.03437863          2.75649695          0.13226007         -7.92833650
          2.03750286          2.75682444          0.13222096         -7.94263787
          2.04062696          2.75715318          0.13218170         -7.95697356
          2.04375093          2.75748318          0.13214230         -7.97134314
          2.04687476          2.75781444          0.13210277         -7.98574619
          2.04999845          2.75814696          0.13206309         -8.00018229
          2.05312201          2.75848075          0.13202327         -8.01465103
          2.05624542          2.75881582          0.13198331         -8.02915197
          2.05936870          2.75915217          0.13194320         -8.04368469
          2.06249184          2.75948981          0.13190295         -8.05824878
          2.06561483          2.75982875          0.13186254         -8.07284379
          2.06873768          2.76016898          0.13182198         -8.08746930
          2.07186039          2.76051051          0.13178128         -8.10212487
          2.07498295          2.76085336          0.13174041         -8.11681009
          2.07810537          2.76119752          0.13169940         -8.13152450
          2.08122763          2.76154300          0.13165822         -8.14626768
          2.08434975          2.76188981          0.13161689         -8.16103919
          2.08747172          2.76223795          0.13157540         -8.17583860
          2.09059354          2.76258743          0.13153374         -8.19066546
          2.09371520          2.76293826          0.13149192         -8.20551933
          2.09683671          2.76329044          0.13144994         -8.22039978
          2.09995806          2.76364398          0.13140779         -8.23530635
          2.10307925          2.76399888          0.13136547         -8.25023861
          2.10620029          2.76435514          0.13132299         -8.26519611
          2.10932117          2.76471279          0.13128032         -8.28017840
          2.11244188          2.76507182          0.13123749         -8.29518504
          2.11556244          2.76543223          0.13119448         -8.31021557
          2.11868283          2.76579405          0.13115130         -8.32526955
          2.12180305          2.76615726          0.13110793         -8.34034653
          2.12492311          2.76652188          0.13106439         -8.35544605
          2.12804300          2.76688792          0.13102066         -8.37056765
          2.13116272          2.76725538          0.13097675         -8.38571090
          2.13428226          2.76762427          0.13093265         -8.40087532
          2.13740164          2.76799459          0.13088837         -8.41606046
          2.14052084          2.76836636          0.13084389         -8.43126587
          2.14363987          2.76873957          0.13079923         -8.44649109
          2.14675872          2.76911424          0.13075437         -8.46173565
          2.14987738          2.76949038          0.13070932         -8.47699909
          2.15299587          2.76986798          0.13066406         -8.49228097
          2.15611418          2.77024707          0.13061862         -8.50758080
          2.15923230          2.77062763          0.13057297         -8.52289813
          2.16235024          2.77100969          0.13052711         -8.53823250
          2.16546799          2.77139325          0.13048106         -8.55358343
          2.16858555          2.77177832          0.13043479         -8.56895047
          2.17170292          2.77216490          0.13038832         -8.58433314
          2.17482010          2.77255300          0.13034164         -8.59973099
          2.17793708          2.77294263          0.13029474         -8.61514353
          2.18105387          2.77333380          0.13024763         -8.63057030
          2.18417046          2.77372651          0.13020030         -8.64601084
          2.18728686          2.77412078          0.13015276         -8.66146466
          2.19040305          2.77451661          0.13010499         -8.67693130
          2.19351903          2.77491401          0.13005700         -8.69241029
          2.19663482          2.77531298          0.13000879         -8.70790116
          2.19975039          2.77571354          0.12996035         -8.72340342
          2.20286576          2.77611569          0.12991168         -8.73891661
          2.20598091          2.77651944          0.12986277         -8.75444025
          2.20909586          2.77692481          0.12981364         -8.76997387
          2.21221059          2.77733179          0.12976426         -8.78551698
          2.21532510          2.77774040          0.12971465         -8.80106912
          2.21843939          2.77815064          0.12966480         -8.81662981
          2.22155346          2.77856253          0.12961471         -8.83219857
          2.22466731          2.77897607          0.12956437         -8.84777492
          2.22778093          2.77939127          0.12951378         -8.86335838
          2.23089433          2.77980814          0.12946294         -8.87894848
          2.23400750          2.78022669          0.12941186         -8.89454473
          2.23712043          2.78064693          0.12936051         -8.91014666
          2.24023314          2.78106887          0.12930891         -8.92575378
          2.24334560          2.78149251          0.12925705         -8.94136562
          2.24645783          2.78191787          0.12920493         -8.95698169
          2.24956981          2.78234496          0.12915254         -8.97260151
          2.25268156          2.78277378          0.12909989         -8.98822461
          2.25579306          2.78320434          0.12904696         -9.00385049
          2.25890431          2.78363666          0.12899376         -9.01947868
          2.26201530          2.78407074          0.12894029         -9.03510870
          2.26512605          2.78450659          0.12888654         -9.05074006
          2.26823654          2.78494423          0.12883251         -9.06637228
          2.27134678          2.78538366          0.12877820         -9.08200488
          2.27445675          2.78582489          0.12872360         -9.09763737
          2.27756646          2.78626794          0.12866872         -9.11326928
          2.28067591          2.78671280          0.12861354         -9.12890011
          2.28378509          2.78715951          0.12855807         -9.14452938
          2.28689399          2.78760805          0.12850230         -9.16015662
          2.29000263          2.78805846          0.12844623         -9.17578134
          2.29311098          2.78851072          0.12838985         -9.19140304
          2.29621906          2.78896486          0.12833318         -9.20702126
          2.29932686          2.78942089          0.12827619         -9.22263551
          2.30243437          2.78987882          0.12821889         -9.23824530
          2.30554159          2.79033865          0.12816128         -9.25385015
          2.30864852          2.79080041          0.12810335         -9.26944958
          2.31175516          2.79126409          0.12804510         -9.28504310
          2.31486150          2.79172972          0.12798652         -9.30063023
          2.31796755          2.79219730          0.12792762         -9.31621049
          2.32107329          2.79266684          0.12786838         -9.33178339
          2.32417872          2.79313836          0.12780882         -9.34734846
          2.32728385          2.79361187          0.12774891         -9.36290520
          2.33038866          2.79408738          0.12768867         -9.37845315
          2.33349316          2.79456490          0.12762808         -9.39399180
          2.33659734          2.79504444          0.12756714         -9.40952069
          2.33970120          2.79552602          0.12750585         -9.42503934
          2.34280473          2.79600965          0.12744421         -9.44054725
          2.34590793          2.79649534          0.12738221         -9.45604395
          2.34901080          2.79698310          0.12731985         -9.47152897
          2.35211334          2.79747294          0.12725713         -9.48700181
          2.35521553          2.79796489          0.12719403         -9.50246200
          2.35831738          2.79845894          0.12713057         -9.51790906
          2.36141889          2.79895512          0.12706672         -9.53334252
          2.36452004          2.79945343          0.12700250         -9.54876189
          2.36762085          2.79995390          0.12693789         -9.56416669
          2.37072129          2.80045653          0.12687290         -9.57955646
          2.37382137          2.80096133          0.12680751         -9.59493070
          2.37692108          2.80146832          0.12674173         -9.61028895
          2.38002043          2.80197752          0.12667555         -9.62563073
          2.38311940          2.80248893          0.12660897         -9.64095556
          2.38621800          2.80300258          0.12654197         -9.65626298
          2.38931621          2.80351847          0.12647457         -9.67155250
          2.39241403          2.80403662          0.12640675         -9.68682365
          2.39551147          2.80455704          0.12633851         -9.70207596
          2.39860851          2.80507976          0.12626984         -9.71730896
          2.40170515          2.80560477          0.12620075         -9.73252218
          2.40480139          2.80613210          0.12613122         -9.74771515
          2.40789722          2.80666176          0.12606125         -9.76288739
          2.41099264          2.80719378          0.12599084         -9.77803845
          2.41408764          2.80772815          0.12591998         -9.79316784
          2.41718222          2.80826490          0.12584867         -9.80827511
          2.42027637          2.80880404          0.12577690         -9.82335979
          2.42337009          2.80934559          0.12570467         -9.83842141
          2.42646338          2.80988956          0.12563197         -9.85345950
          2.42955622          2.81043598          0.12555880         -9.86847361
          2.43264862          2.81098485          0.12548516         -9.88346328
          2.43574056          2.81153619          0.12541103         -9.89842803
          2.43883205          2.81209002          0.12533642         -9.91336741
          2.44192308          2.81264635          0.12526131         -9.92828096
          2.44501364          2.81320521          0.12518571         -9.94316823
          2.44810373          2.81376660          0.12510960         -9.95802874
          2.45119334          2.81433055          0.12503299         -9.97286206
          2.45428247          2.81489707          0.12495586         -9.98766772
          2.45737111          2.81546617          0.12487822        -10.00244526
          2.46045926          2.81603789          0.12480005        -10.01719424
          2.46354690          2.81661223          0.12472134        -10.03191420
          2.46663404          2.81718921          0.12464211        -10.04660470
          2.46972066          2.81776884          0.12456232        -10.06126528
          2.47280677          2.81835116          0.12448200        -10.07589549
          2.47589235          2.81893617          0.12440111        -10.09049489
          2.47897741          2.81952390          0.12431967        -10.10506303
          2.48206192          2.82011436          0.12423766        -10.11959947
          2.48514589          2.82070757          0.12415508        -10.13410377
          2.48822932          2.82130355          0.12407192        -10.14857548
          2.49131218          2.82190232          0.12398817        -10.16301416
          2.49439449          2.82250390          0.12390383        -10.17741937
          2.49747622          2.82310831          0.12381889        -10.19179068
          2.50055738          2.82371557          0.12373335        -10.20612765
          2.50363795          2.82432569          0.12364719        -10.22042985
          2.50671793          2.82493870          0.12356042        -10.23469683
          2.50979732          2.82555462          0.12347301        -10.24892818
          2.51287609          2.82617347          0.12338498        -10.26312346
          2.51595426          2.82679528          0.12329630        -10.27728224
          2.51903181          2.82742005          0.12320698        -10.29140410
          2.52210872          2.82804781          0.12311700        -10.30548861
          2.52518501          2.82867858          0.12302636        -10.31953534
          2.52826064          2.82931239          0.12293504        -10.33354387
          2.53133563          2.82994926          0.12284305        -10.34751379
          2.53440996          2.83058921          0.12275037        -10.36144468
          2.53748362          2.83123225          0.12265700        -10.37533611
          2.54055660          2.83187842          0.12256293        -10.38918767
          2.54362890          2.83252773          0.12246814        -10.40299895
          2.54670050          2.83318021          0.12237264        -10.41676954
          2.54977140          2.83383589          0.12227641        -10.43049902
          2.55284159          2.83449478          0.12217944        -10.44418700
          2.55591106          2.83515690          0.12208172        -10.45783305
          2.55897980          2.83582229          0.12198326        -10.47143679
          2.56204780          2.83649097          0.12188403        -10.48499780
          2.56511506          2.83716295          0.12178403        -10.49851568
          2.56818155          2.83783827          0.12168324        -10.51199004
          2.57124728          2.83851695          0.12158167        -10.52542048
          2.57431223          2.83919902          0.12147930        -10.53880660
          2.57737639          2.83988449          0.12137611        -10.55214801
          2.58043975          2.84057341          0.12127211        -10.56544433
          2.58350230          2.84126578          0.12116728        -10.57869515
          2.58656404          2.84196164          0.12106161        -10.59190011
          2.58962494          2.84266101          0.12095508        -10.60505880
          2.59268500          2.84336393          0.12084770        -10.61817085
          2.59574421          2.84407041          0.12073945        -10.63123587
          2.59880256          2.84478049          0.12063031        -10.64425350
          2.60186003          2.84549419          0.12052028        -10.65722335
          2.60491662          2.84621153          0.12040934        -10.67014505
          2.60797230          2.84693256          0.12029749        -10.68301823
          2.61102708          2.84765729          0.12018472        -10.69584252
          2.61408093          2.84838576          0.12007100        -10.70861755
          2.61713384          2.84911799          0.11995633        -10.72134296
          2.62018581          2.84985401          0.11984070        -10.73401838
          2.62323682          2.85059386          0.11972410        -10.74664346
          2.62628685          2.85133756          0.11960651        -10.75921783
          2.62933589          2.85208514          0.11948791        -10.77174114
          2.63238393          2.85283663          0.11936831        -10.78421305
          2.63543096          2.85359207          0.11924767        -10.79663319
          2.63847696          2.85435148          0.11912600        -10.80900122
          2.64152191          2.85511490          0.11900327        -10.82131679
          2.64456580          2.85588235          0.11887948        -10.83357957
          2.64760862          2.85665388          0.11875461        -10.84578921
          2.65065036          2.85742951          0.11862864        -10.85794537
          2.65369098          2.85820927          0.11850156        -10.87004772
          2.65673049          2.85899320          0.11837336        -10.88209592
          2.65976887          2.85978134          0.11824402        -10.89408965
          2.66280609          2.86057370          0.11811352        -10.90602857
          2.66584215          2.86137034          0.11798185        -10.91791237
          2.66887702          2.86217129          0.11784900        -10.92974071
          2.67191069          2.86297657          0.11771494        -10.94151329
          2.67494314          2.86378623          0.11757967        -10.95322977
          2.67797436          2.86460030          0.11744316        -10.96488986
          2.68100432          2.86541881          0.11730540        -10.97649324
          2.68403300          2.86624181          0.11716638        -10.98803959
          2.68706040          2.86706933          0.11702606        -10.99952862
          2.69008649          2.86790140          0.11688444        -11.01096001
          2.69311124          2.86873807          0.11674150        -11.02233348
          2.69613465          2.86957937          0.11659722        -11.03364872
          2.69915669          2.87042535          0.11645158        -11.04490544
          2.70217734          2.87127603          0.11630457        -11.05610335
          2.70519658          2.87213146          0.11615615        -11.06724216
          2.70821439          2.87299169          0.11600632        -11.07832158
          2.71123075          2.87385674          0.11585505        -11.08934134
          2.71424563          2.87472666          0.11570232        -11.10030114
          2.71725901          2.87560150          0.11554811        -11.11120073
          2.72027088          2.87648129          0.11539241        -11.12203981
          2.72328120          2.87736607          0.11523518        -11.13281813
          2.72628996          2.87825589          0.11507640        -11.14353542
          2.72929713          2.87915079          0.11491607        -11.15419141
          2.73230268          2.88005081          0.11475414        -11.16478584
          2.73530659          2.88095600          0.11459060        -11.17531846
          2.73830884          2.88186640          0.11442542        -11.18578900
          2.74130940          2.88278206          0.11425859        -11.19619723
          2.74430823          2.88370302          0.11409007        -11.20654289
          2.74730533          2.88462932          0.11391984        -11.21682573
          2.75030065          2.88556102          0.11374787        -11.22704552
          2.75329418          2.88649817          0.11357415        -11.23720202
          2.75628588          2.88744079          0.11339863        -11.24729499
          2.75927572          2.88838896          0.11322130        -11.25732420
          2.76226367          2.88934271          0.11304213        -11.26728943
          2.76524971          2.89030209          0.11286109        -11.27719045
          2.76823379          2.89126715          0.11267815        -11.28702704
          2.77121591          2.89223795          0.11249328        -11.29679898
          2.77419600          2.89321453          0.11230645        -11.30650607
          2.77717406          2.89419694          0.11211763        -11.31614808
          2.78015004          2.89518524          0.11192679        -11.32572481
          2.78312391          2.89617947          0.11173390        -11.33523606
          2.78609563          2.89717970          0.11153893        -11.34468163
          2.78906517          2.89818597          0.11134184        -11.35406132
          2.79203250          2.89919834          0.11114261        -11.36337495
          2.79499757          2.90021685          0.11094118        -11.37262232
          2.79796035          2.90124158          0.11073754        -11.38180324
          2.80092081          2.90227257          0.11053165        -11.39091754
          2.80387889          2.90330987          0.11032346        -11.39996504
          2.80683456          2.90435356          0.11011294        -11.40894557
          2.80978779          2.90540367          0.10990006        -11.41785895
          2.81273852          2.90646028          0.10968477        -11.42670502
          2.81568673          2.90752344          0.10946704        -11.43548362
          2.81863235          2.90859320          0.10924682        -11.44419458
          2.82157536          2.90966964          0.10902408        -11.45283777
          2.82451570          2.91075280          0.10879877        -11.46141301
          2.82745332          2.91184276          0.10857085        -11.46992017
          2.83038819          2.91293957          0.10834027        -11.47835911
          2.83332025          2.91404330          0.10810700        -11.48672969
          2.83624945          2.91515400          0.10787098        -11.49503176
          2.83917575          2.91627175          0.10763216        -11.50326521
          2.84209909          2.91739660          0.10739051        -11.51142990
          2.84501942          2.91852863          0.10714597        -11.51952572
          2.84793668          2.91966789          0.10689848        -11.52755254
          2.85085083          2.92081446          0.10664801        -11.53551025
          2.85376180          2.92196840          0.10639450        -11.54339874
          2.85666954          2.92312978          0.10613789        -11.55121791
          2.85957399          2.92429867          0.10587813        -11.55896765
          2.86247509          2.92547514          0.10561517        -11.56664786
          2.86537278          2.92665925          0.10534894        -11.57425846
          2.86826700          2.92785108          0.10507940        -11.58179936
          2.87115767          2.92905071          0.10480647        -11.58927047
          2.87404475          2.93025819          0.10453010        -11.59667170
          2.87692816          2.93147361          0.10425023        -11.60400300
          2.87980783          2.93269703          0.10396679        -11.61126428
          2.88268369          2.93392854          0.10367971        -11.61845547
          2.88555567          2.93516820          0.10338894        -11.62557653
          2.88842371          2.93641609          0.10309440        -11.63262738
          2.89128771          2.93767229          0.10279602        -11.63960798
          2.89414762          2.93893688          0.10249373        -11.64651828
          2.89700334          2.94020992          0.10218746        -11.65335823
          2.89985480          2.94149151          0.10187713        -11.66012779
          2.90270192          2.94278171          0.10156267        -11.66682694
          2.90554462          2.94408062          0.10124399        -11.67345563
          2.90838280          2.94538829          0.10092101        -11.68001386
          2.91121638          2.94670483          0.10059366        -11.68650158
          2.91404527          2.94803031          0.10026185        -11.69291880
          2.91686937          2.94936481          0.09992549        -11.69926549
          2.91968860          2.95070841          0.09958449        -11.70554166
          2.92250286          2.95206119          0.09923876        -11.71174729
          2.92531204          2.95342325          0.09888821        -11.71788241
          2.92811606          2.95479466          0.09853274        -11.72394700
          2.93091479          2.95617551          0.09817226        -11.72994110
          2.93370814          2.95756589          0.09780666        -11.73586471
          2.93649600          2.95896587          0.09743583        -11.74171785
          2.93927825          2.96037555          0.09705969        -11.74750057
          2.94205478          2.96179501          0.09667811        -11.75321289
          2.94482548          2.96322433          0.09629098        -11.75885485
          2.94759022          2.96466362          0.09589820        -11.76442650
          2.95034888          2.96611294          0.09549963        -11.76992788
          2.95310133          2.96757240          0.09509517        -11.77535904
          2.95584745          2.96904207          0.09468469        -11.78072006
          2.95858710          2.97052205          0.09426806        -11.78601099
          2.96132015          2.97201243          0.09384516        -11.79123190
          2.96404645          2.97351329          0.09341584        -11.79638287
          2.96676586          2.97502472          0.09297997        -11.80146398
          2.96947824          2.97654681          0.09253742        -11.80647531
          2.97218343          2.97807965          0.09208803        -11.81141696
          2.97488128          2.97962333          0.09163166        -11.81628902
          2.97757163          2.98117793          0.09116816        -11.82109160
          2.98025431          2.98274354          0.09069736        -11.82582481
          2.98292917          2.98432025          0.09021911        -11.83048875
          2.98559603          2.98590815          0.08973324        -11.83508355
          2.98825470          2.98750732          0.08923959        -11.83960933
          2.99090502          2.98911785          0.08873797        -11.84406622
          2.99354679          2.99073981          0.08822820        -11.84845437
          2.99617983          2.99237331          0.08771011        -11.85277390
          2.99880393          2.99401841          0.08718350        -11.85702497
          3.00141890          2.99567521          0.08664817        -11.86120773
          3.00402453          2.99734377          0.08610393        -11.86532234
          3.00662061          2.99902418          0.08555056        -11.86936897
          3.00920691          3.00071652          0.08498786        -11.87334778
          3.01178321          3.00242086          0.08441560        -11.87725895
          3.01434929          3.00413727          0.08383357        -11.88110268
          3.01690491          3.00586583          0.08324151        -11.88487913
          3.01944982          3.00760660          0.08263921        -11.88858851
          3.02198376          3.00935965          0.08202641        -11.89223103
          3.02450650          3.01112504          0.08140285        -11.89580688
          3.02701775          3.01290283          0.08076829        -11.89931627
          3.02951725          3.01469308          0.08012244        -11.90275944
          3.03200471          3.01649584          0.07946503        -11.90613660
          3.03447986          3.01831115          0.07879578        -11.90944798
          3.03694238          3.02013907          0.07811439        -11.91269382
          3.03939199          3.02197963          0.07742056        -11.91587437
          3.04182836          3.02383286          0.07671398        -11.91898987
          3.04425117          3.02569879          0.07599432        -11.92204059
          3.04666008          3.02757744          0.07526127        -11.92502678
          3.04905477          3.02946883          0.07451446        -11.92794870
          3.05143487          3.03137297          0.07375356        -11.93080665
          3.05380003          3.03328985          0.07297820        -11.93360089
          3.05614987          3.03521948          0.07218801        -11.93633172
          3.05848401          3.03716182          0.07138259        -11.93899942
          3.06080206          3.03911686          0.07056156        -11.94160431
          3.06310360          3.04108456          0.06972450        -11.94414668
          3.06538823          3.04306487          0.06887100        -11.94662685
          3.06765550          3.04505773          0.06800061        -11.94904513
          3.06990498          3.04706307          0.06711289        -11.95140186
          3.07213622          3.04908080          0.06620737        -11.95369737
          3.07434873          3.05111082          0.06528358        -11.95593198
          3.07654204          3.05315302          0.06434102        -11.95810605
          3.07871565          3.05520726          0.06337918        -11.96021993
          3.08086905          3.05727339          0.06239755        -11.96227397
          3.08300171          3.05935123          0.06139559        -11.96426853
          3.08511308          3.06144060          0.06037273        -11.96620399
          3.08720261          3.06354128          0.05932840        -11.96808071
          3.08926972          3.06565303          0.05826201        -11.96989908
          3.09131382          3.06777558          0.05717295        -11.97165949
          3.09333429          3.06990864          0.05606060        -11.97336231
          3.09533052          3.07205189          0.05492431        -11.97500796
          3.09730184          3.07420498          0.05376340        -11.97659683
          3.09924760          3.07636751          0.05257719        -11.97812933
          3.10116711          3.07853906          0.05136498        -11.97960586
          3.10305967          3.08071916          0.05012603        -11.98102686
          3.10492455          3.08290730          0.04885960        -11.98239272
          3.10676101          3.08510294          0.04756491        -11.98370389
          3.10856827          3.08730546          0.04624117        -11.98496079
          3.11034556          3.08951421          0.04488755        -11.98616385
          3.11209205          3.09172848          0.04350322        -11.98731350
          3.11380692          3.09394750          0.04208732        -11.98841018
          3.11548930          3.09617042          0.04063894        -11.98945433
          3.11713833          3.09839634          0.03915718        -11.99044639
          3.11875307          3.10062427          0.03764109        -11.99138679
          3.12033262          3.10285314          0.03608971        -11.99227599
          3.12187600          3.10508179          0.03450204        -11.99311441
          3.12338223          3.10730896          0.03287705        -11.99390251
          3.12485028          3.10953329          0.03121369        -11.99464070
          3.12627912          3.11175331          0.02951087        -11.99532943
          3.12766764          3.11396739          0.02776747        -11.99596912
          3.12901474          3.11617379          0.02598233        -11.99656019
          3.13031923          3.11837060          0.02415423        -11.99710306
          3.13157990          3.12055573          0.02228193        -11.99759813
          3.13279546          3.12272689          0.02036409        -11.99804580
          3.13396455          3.12488154          0.01839932        -11.99844644
          3.13508571          3.12701686          0.01638613        -11.99880042
          3.13615735          3.12912971          0.01432286        -11.99910809
          3.13717767          3.13121649          0.01220769        -11.99936978
          3.13814461          3.13327301          0.01003851        -11.99958579
          3.13905564          3.13529427          0.00781272        -11.99975640
          3.13990742          3.13727395          0.00552691        -11.99988185
          3.14069495          3.13920328          0.00317594        -11.99996234
          3.14140841          3.14106715          0.00074971        -11.99999802
