         -2.87883797         -1.30600411         -4.00002783
         -2.87979466         -1.30301172         -4.00012388
         -2.87979665         -1.29987013         -4.00028779
         -2.87979964         -1.29672854         -4.00051952
         -2.87980360         -1.29358695         -4.00081889
         -2.87980852         -1.29044536         -4.00118569
         -2.87981441         -1.28730378         -4.00161973
         -2.87982127         -1.28416219         -4.00212080
         -2.87982910         -1.28102061         -4.00268869
         -2.87983791         -1.27787903         -4.00332320
         -2.87984769         -1.27473745         -4.00402412
         -2.87985845         -1.27159588         -4.00479124
         -2.87987019         -1.26845430         -4.00562434
         -2.87988292         -1.26531274         -4.00652319
         -2.87989663         -1.26217118         -4.00748759
         -2.87991134         -1.25902962         -4.00851731
         -2.87992704         -1.25588806         -4.00961212
         -2.87994374         -1.25274652         -4.01077180
         -2.87996144         -1.24960497         -4.01199611
         -2.87998014         -1.24646344         -4.01328483
         -2.87999985         -1.24332190         -4.01463771
         -2.88002057         -1.24018038         -4.01605452
         -2.88004230         -1.23703886         -4.01753502
         -2.88006505         -1.23389735         -4.01907897
         -2.88008882         -1.23075585         -4.02068612
         -2.88011362         -1.22761436         -4.02235623
         -2.88013944         -1.22447287         -4.02408904
         -2.88016630         -1.22133139         -4.02588431
         -2.88019418         -1.21818992         -4.02774177
         -2.88022311         -1.21504846         -4.02966118
         -2.88025308         -1.21190701         -4.03164228
         -2.88028409         -1.20876557         -4.03368480
         -2.88031615         -1.20562414         -4.03578847
         -2.88034927         -1.20248273         -4.03795305
         -2.88038344         -1.19934132         -4.04017824
         -2.88041868         -1.19619992         -4.04246380
         -2.88045497         -1.19305854         -4.04480944
         -2.88049234         -1.18991717         -4.04721488
         -2.88053078         -1.18677581         -4.04967986
         -2.88057029         -1.18363447         -4.05220410
         -2.88061089         -1.18049314         -4.05478730
         -2.88065257         -1.17735182         -4.05742920
         -2.88069534         -1.17421052         -4.06012949
         -2.88073920         -1.17106923         -4.06288791
         -2.88078416         -1.16792796         -4.06570414
         -2.88083023         -1.16478671         -4.06857792
         -2.88087739         -1.16164547         -4.07150893
         -2.88092567         -1.15850425         -4.07449688
         -2.88097507         -1.15536304         -4.07754148
         -2.88102558         -1.15222186         -4.08064243
         -2.88107722         -1.14908069         -4.08379942
         -2.88112998         -1.14593954         -4.08701215
         -2.88118388         -1.14279841         -4.09028031
         -2.88123891         -1.13965730         -4.09360359
         -2.88129509         -1.13651621         -4.09698169
         -2.88135242         -1.13337514         -4.10041429
         -2.88141090         -1.13023409         -4.10390108
         -2.88147053         -1.12709306         -4.10744174
         -2.88153133         -1.12395206         -4.11103595
         -2.88159329         -1.12081108         -4.11468340
         -2.88165643         -1.11767012         -4.11838376
         -2.88172074         -1.11452919         -4.12213670
         -2.88178624         -1.11138828         -4.12594191
         -2.88185292         -1.10824739         -4.12979906
         -2.88192079         -1.10510653         -4.13370781
         -2.88198987         -1.10196570         -4.13766783
         -2.88206014         -1.09882489         -4.14167880
         -2.88213163         -1.09568411         -4.14574037
         -2.88220433         -1.09254336         -4.14985222
         -2.88227825         -1.08940264         -4.15401400
         -2.88235339         -1.08626194         -4.15822537
         -2.88242977         -1.08312128         -4.16248599
         -2.88250738         -1.07998065         -4.16679552
         -2.88258623         -1.07684004         -4.17115361
         -2.88266633         -1.07369947         -4.17555992
         -2.88274769         -1.07055893         -4.18001410
         -2.88283031         -1.06741843         -4.18451580
         -2.88291419         -1.06427795         -4.18906466
         -2.88299934         -1.06113752         -4.19366034
         -2.88308578         -1.05799711         -4.19830248
         -2.88317349         -1.05485675         -4.20299072
         -2.88326250         -1.05171641         -4.20772470
         -2.88335280         -1.04857612         -4.21250407
         -2.88344441         -1.04543586         -4.21732847
         -2.88353733         -1.04229564         -4.22219753
         -2.88363156         -1.03915546         -4.22711088
         -2.88372711         -1.03601533         -4.23206817
         -2.88382400         -1.03287523         -4.23706903
         -2.88392222         -1.02973517         -4.24211309
         -2.88402178         -1.02659516         -4.24719997
         -2.88412269         -1.02345518         -4.25232931
         -2.88422496         -1.02031526         -4.25750074
         -2.88432859         -1.01717537         -4.26271388
         -2.88443360         -1.01403554         -4.26796835
         -2.88453998         -1.01089575         -4.27326379
         -2.88464774         -1.00775600         -4.27859981
         -2.88475690         -1.00461631         -4.28397603
         -2.88486745         -1.00147666         -4.28939208
         -2.88497941         -0.99833706         -4.29484757
         -2.88509279         -0.99519752         -4.30034212
         -2.88520759         -0.99205802         -4.30587535
         -2.88532381         -0.98891858         -4.31144686
         -2.88544148         -0.98577919         -4.31705628
         -2.88556059         -0.98263986         -4.32270322
         -2.88568115         -0.97950058         -4.32838728
         -2.88580317         -0.97636136         -4.33410809
         -2.88592666         -0.97322219         -4.33986524
         -2.88605163         -0.97008309         -4.34565835
         -2.88617808         -0.96694404         -4.35148702
         -2.88630602         -0.96380505         -4.35735086
         -2.88643547         -0.96066613         -4.36324948
         -2.88656642         -0.95752727         -4.36918247
         -2.88669889         -0.95438847         -4.37514945
         -2.88683289         -0.95124973         -4.38115001
         -2.88696843         -0.94811107         -4.38718375
         -2.88710551         -0.94497247         -4.39325028
         -2.88724414         -0.94183393         -4.39934919
         -2.88738433         -0.93869547         -4.40548009
         -2.88752610         -0.93555708         -4.41164256
         -2.88766944         -0.93241876         -4.41783621
         -2.88781437         -0.92928051         -4.42406064
         -2.88796091         -0.92614234         -4.43031543
         -2.88810905         -0.92300424         -4.43660018
         -2.88825881         -0.91986622         -4.44291449
         -2.88841019         -0.91672827         -4.44925795
         -2.88856321         -0.91359041         -4.45563015
         -2.88871788         -0.91045263         -4.46203068
         -2.88887420         -0.90731493         -4.46845913
         -2.88903219         -0.90417731         -4.47491510
         -2.88919186         -0.90103978         -4.48139816
         -2.88935321         -0.89790233         -4.48790792
         -2.88951626         -0.89476497         -4.49444395
         -2.88968102         -0.89162770         -4.50100585
         -2.88984749         -0.88849052         -4.50759320
         -2.89001569         -0.88535344         -4.51420559
         -2.89018563         -0.88221644         -4.52084260
         -2.89035732         -0.87907955         -4.52750383
         -2.89053077         -0.87594274         -4.53418885
         -2.89070600         -0.87280604         -4.54089724
         -2.89088300         -0.86966944         -4.54762860
         -2.89106180         -0.86653294         -4.55438251
         -2.89124240         -0.86339654         -4.56115854
         -2.89142482         -0.86026025         -4.56795629
         -2.89160907         -0.85712407         -4.57477533
         -2.89179516         -0.85398799         -4.58161525
         -2.89198310         -0.85085202         -4.58847563
         -2.89217290         -0.84771617         -4.59535604
         -2.89236458         -0.84458043         -4.60225608
         -2.89255815         -0.84144481         -4.60917531
         -2.89275362         -0.83830930         -4.61611333
         -2.89295100         -0.83517391         -4.62306971
         -2.89315031         -0.83203865         -4.63004403
         -2.89335155         -0.82890351         -4.63703587
         -2.89355475         -0.82576849         -4.64404482
         -2.89375990         -0.82263361         -4.65107044
         -2.89396704         -0.81949885         -4.65811233
         -2.89417616         -0.81636423         -4.66517005
         -2.89438729         -0.81322974         -4.67224320
         -2.89460044         -0.81009538         -4.67933135
         -2.89481561         -0.80696117         -4.68643407
         -2.89503283         -0.80382709         -4.69355095
         -2.89525211         -0.80069316         -4.70068157
         -2.89547346         -0.79755938         -4.70782550
         -2.89569689         -0.79442574         -4.71498233
         -2.89592243         -0.79129225         -4.72215164
         -2.89615008         -0.78815892         -4.72933300
         -2.89637987         -0.78502574         -4.73652599
         -2.89661179         -0.78189272         -4.74373020
         -2.89684588         -0.77875986         -4.75094520
         -2.89708214         -0.77562717         -4.75817057
         -2.89732059         -0.77249464         -4.76540590
         -2.89756124         -0.76936228         -4.77265077
         -2.89780412         -0.76623008         -4.77990475
         -2.89804923         -0.76309807         -4.78716743
         -2.89829660         -0.75996623         -4.79443839
         -2.89854623         -0.75683457         -4.80171720
         -2.89879815         -0.75370310         -4.80900346
         -2.89905237         -0.75057181         -4.81629675
         -2.89930891         -0.74744070         -4.82359664
         -2.89956778         -0.74430980         -4.83090272
         -2.89982900         -0.74117908         -4.83821458
         -2.90009259         -0.73804857         -4.84553180
         -2.90035857         -0.73491825         -4.85285396
         -2.90062695         -0.73178815         -4.86018065
         -2.90089775         -0.72865825         -4.86751145
         -2.90117099         -0.72552856         -4.87484595
         -2.90144669         -0.72239909         -4.88218374
         -2.90172486         -0.71926983         -4.88952440
         -2.90200552         -0.71614080         -4.89686752
         -2.90228870         -0.71301200         -4.90421269
         -2.90257441         -0.70988342         -4.91155951
         -2.90286266         -0.70675508         -4.91890755
         -2.90315349         -0.70362698         -4.92625641
         -2.90344690         -0.70049912         -4.93360568
         -2.90374292         -0.69737151         -4.94095495
         -2.90404157         -0.69424414         -4.94830382
         -2.90434287         -0.69111703         -4.95565188
         -2.90464683         -0.68799018         -4.96299872
         -2.90495348         -0.68486359         -4.97034393
         -2.90526284         -0.68173726         -4.97768712
         -2.90557493         -0.67861121         -4.98502788
         -2.90588977         -0.67548543         -4.99236581
         -2.90620739         -0.67235994         -4.99970051
         -2.90652779         -0.66923473         -5.00703157
         -2.90685102         -0.66610980         -5.01435860
         -2.90717708         -0.66298518         -5.02168119
         -2.90750599         -0.65986085         -5.02899896
         -2.90783780         -0.65673683         -5.03631150
         -2.90817250         -0.65361312         -5.04361842
         -2.90851014         -0.65048972         -5.05091932
         -2.90885072         -0.64736665         -5.05821381
         -2.90919428         -0.64424389         -5.06550150
         -2.90954084         -0.64112148         -5.07278200
         -2.90989042         -0.63799939         -5.08005492
         -2.91024305         -0.63487765         -5.08731986
         -2.91059875         -0.63175626         -5.09457644
         -2.91095755         -0.62863523         -5.10182428
         -2.91131946         -0.62551455         -5.10906299
         -2.91168452         -0.62239424         -5.11629218
         -2.91205276         -0.61927430         -5.12351148
         -2.91242419         -0.61615474         -5.13072050
         -2.91279884         -0.61303557         -5.13791886
         -2.91317675         -0.60991679         -5.14510618
         -2.91355793         -0.60679841         -5.15228209
         -2.91394242         -0.60368043         -5.15944621
         -2.91433023         -0.60056287         -5.16659817
         -2.91472141         -0.59744573         -5.17373759
         -2.91511597         -0.59432901         -5.18086410
         -2.91551395         -0.59121273         -5.18797733
         -2.91591537         -0.58809688         -5.19507692
         -2.91632027         -0.58498149         -5.20216249
         -2.91672866         -0.58186656         -5.20923369
         -2.91714059         -0.57875209         -5.21629014
         -2.91755607         -0.57563809         -5.22333149
         -2.91797515         -0.57252458         -5.23035737
         -2.91839785         -0.56941155         -5.23736743
         -2.91882420         -0.56629902         -5.24436131
         -2.91925424         -0.56318700         -5.25133865
         -2.91968798         -0.56007550         -5.25829910
         -2.92012548         -0.55696452         -5.26524231
         -2.92056675         -0.55385407         -5.27216793
         -2.92101184         -0.55074416         -5.27907561
         -2.92146077         -0.54763481         -5.28596500
         -2.92191357         -0.54452602         -5.29283575
         -2.92237029         -0.54141781         -5.29968753
         -2.92283095         -0.53831017         -5.30652000
         -2.92329559         -0.53520313         -5.31333281
         -2.92376424         -0.53209669         -5.32012562
         -2.92423694         -0.52899086         -5.32689811
         -2.92471373         -0.52588566         -5.33364994
         -2.92519463         -0.52278109         -5.34038077
         -2.92567970         -0.51967717         -5.34709028
         -2.92616895         -0.51657391         -5.35377814
         -2.92666244         -0.51347132         -5.36044403
         -2.92716019         -0.51036941         -5.36708761
         -2.92766225         -0.50726819         -5.37370858
         -2.92816865         -0.50416768         -5.38030660
         -2.92867944         -0.50106789         -5.38688138
         -2.92919464         -0.49796883         -5.39343258
         -2.92971431         -0.49487052         -5.39995990
         -2.93023847         -0.49177296         -5.40646302
         -2.93076718         -0.48867618         -5.41294164
         -2.93130048         -0.48558018         -5.41939546
         -2.93183839         -0.48248498         -5.42582416
         -2.93238097         -0.47939060         -5.43222745
         -2.93292826         -0.47629704         -5.43860503
         -2.93348030         -0.47320433         -5.44495660
         -2.93403713         -0.47011248         -5.45128187
         -2.93459880         -0.46702151         -5.45758054
         -2.93516535         -0.46393142         -5.46385233
         -2.93573682         -0.46084224         -5.47009695
         -2.93631327         -0.45775399         -5.47631411
         -2.93689473         -0.45466668         -5.48250353
         -2.93748125         -0.45158032         -5.48866493
         -2.93807289         -0.44849494         -5.49479804
         -2.93866967         -0.44541055         -5.50090257
         -2.93927167         -0.44232717         -5.50697827
         -2.93987891         -0.43924483         -5.51302485
         -2.94049145         -0.43616353         -5.51904205
         -2.94110935         -0.43308330         -5.52502960
         -2.94173264         -0.43000416         -5.53098725
         -2.94236138         -0.42692613         -5.53691473
         -2.94299562         -0.42384922         -5.54281179
         -2.94363540         -0.42077346         -5.54867818
         -2.94428080         -0.41769888         -5.55451363
         -2.94493184         -0.41462549         -5.56031791
         -2.94558859         -0.41155331         -5.56609077
         -2.94625111         -0.40848237         -5.57183196
         -2.94691944         -0.40541269         -5.57754125
         -2.94759363         -0.40234429         -5.58321839
         -2.94827375         -0.39927720         -5.58886316
         -2.94895985         -0.39621144         -5.59447532
         -2.94965199         -0.39314704         -5.60005463
         -2.95035022         -0.39008402         -5.60560089
         -2.95105459         -0.38702241         -5.61111385
         -2.95176518         -0.38396224         -5.61659330
         -2.95248203         -0.38090352         -5.62203903
         -2.95320520         -0.37784630         -5.62745082
         -2.95393476         -0.37479059         -5.63282846
         -2.95467077         -0.37173643         -5.63817173
         -2.95541328         -0.36868384         -5.64348044
         -2.95616236         -0.36563286         -5.64875438
         -2.95691806         -0.36258351         -5.65399335
         -2.95768046         -0.35953583         -5.65919715
         -2.95844961         -0.35648985         -5.66436559
         -2.95922558         -0.35344560         -5.66949849
         -2.96000843         -0.35040311         -5.67459564
         -2.96079823         -0.34736241         -5.67965687
         -2.96159504         -0.34432355         -5.68468200
         -2.96239894         -0.34128655         -5.68967085
         -2.96320997         -0.33825145         -5.69462324
         -2.96402822         -0.33521829         -5.69953900
         -2.96485376         -0.33218710         -5.70441797
         -2.96568664         -0.32915793         -5.70925996
         -2.96652694         -0.32613080         -5.71406484
         -2.96737473         -0.32310576         -5.71883242
         -2.96823007         -0.32008285         -5.72356257
         -2.96909305         -0.31706211         -5.72825512
         -2.96996373         -0.31404358         -5.73290992
         -2.97084218         -0.31102730         -5.73752684
         -2.97172848         -0.30801332         -5.74210571
         -2.97262269         -0.30500168         -5.74664642
         -2.97352490         -0.30199242         -5.75114881
         -2.97443518         -0.29898560         -5.75561275
         -2.97535359         -0.29598125         -5.76003811
         -2.97628023         -0.29297942         -5.76442478
         -2.97721516         -0.28998017         -5.76877261
         -2.97815845         -0.28698354         -5.77308149
         -2.97911020         -0.28398958         -5.77735131
         -2.98007046         -0.28099835         -5.78158195
         -2.98103933         -0.27800989         -5.78577329
         -2.98201689         -0.27502425         -5.78992523
         -2.98300320         -0.27204150         -5.79403767
         -2.98399835         -0.26906169         -5.79811050
         -2.98500241         -0.26608487         -5.80214363
         -2.98601548         -0.26311110         -5.80613696
         -2.98703763         -0.26014044         -5.81009039
         -2.98806894         -0.25717295         -5.81400385
         -2.98910949         -0.25420869         -5.81787723
         -2.99015937         -0.25124772         -5.82171048
         -2.99121866         -0.24829010         -5.82550349
         -2.99228743         -0.24533589         -5.82925620
         -2.99336578         -0.24238517         -5.83296854
         -2.99445379         -0.23943799         -5.83664043
         -2.99555154         -0.23649443         -5.84027181
         -2.99665911         -0.23355455         -5.84386262
         -2.99777658         -0.23061842         -5.84741279
         -2.99890405         -0.22768612         -5.85092227
         -3.00004160         -0.22475771         -5.85439101
         -3.00118931         -0.22183327         -5.85781895
         -3.00234727         -0.21891287         -5.86120604
         -3.00351556         -0.21599658         -5.86455225
         -3.00469426         -0.21308449         -5.86785752
         -3.00588347         -0.21017668         -5.87112183
         -3.00708326         -0.20727321         -5.87434513
         -3.00829373         -0.20437418         -5.87752739
         -3.00951495         -0.20147967         -5.88066858
         -3.01074701         -0.19858975         -5.88376867
         -3.01199000         -0.19570452         -5.88682764
         -3.01324400         -0.19282405         -5.88984546
         -3.01450910         -0.18994844         -5.89282213
         -3.01578538         -0.18707777         -5.89575761
         -3.01707292         -0.18421214         -5.89865190
         -3.01837180         -0.18135163         -5.90150498
         -3.01968212         -0.17849634         -5.90431685
         -3.02100395         -0.17564637         -5.90708750
         -3.02233737         -0.17280179         -5.90981693
         -3.02368247         -0.16996273         -5.91250513
         -3.02503932         -0.16712926         -5.91515211
         -3.02640802         -0.16430149         -5.91775787
         -3.02778863         -0.16147952         -5.92032241
         -3.02918124         -0.15866345         -5.92284575
         -3.03058592         -0.15585338         -5.92532789
         -3.03200276         -0.15304942         -5.92776884
         -3.03343182         -0.15025168         -5.93016862
         -3.03487319         -0.14746025         -5.93252725
         -3.03632694         -0.14467525         -5.93484474
         -3.03779313         -0.14189679         -5.93712111
         -3.03927186         -0.13912497         -5.93935638
         -3.04076318         -0.13635990         -5.94155058
         -3.04226716         -0.13360171         -5.94370374
         -3.04378387         -0.13085050         -5.94581587
         -3.04531339         -0.12810638         -5.94788701
         -3.04685577         -0.12536947         -5.94991718
         -3.04841109         -0.12263989         -5.95190642
         -3.04997939         -0.11991775         -5.95385476
         -3.05156075         -0.11720318         -5.95576222
         -3.05315522         -0.11449629         -5.95762886
         -3.05476286         -0.11179720         -5.95945469
         -3.05638372         -0.10910602         -5.96123976
         -3.05801786         -0.10642289         -5.96298411
         -3.05966534         -0.10374793         -5.96468776
         -3.06132619         -0.10108125         -5.96635077
         -3.06300046         -0.09842298         -5.96797316
         -3.06468821         -0.09577324         -5.96955498
         -3.06638947         -0.09313216         -5.97109627
         -3.06810429         -0.09049986         -5.97259707
         -3.06983270         -0.08787646         -5.97405742
         -3.07157474         -0.08526210         -5.97547736
         -3.07333044         -0.08265689         -5.97685693
         -3.07509983         -0.08006095         -5.97819617
         -3.07688294         -0.07747443         -5.97949512
         -3.07867980         -0.07489743         -5.98075383
         -3.08049042         -0.07233009         -5.98197233
         -3.08231483         -0.06977253         -5.98315066
         -3.08415305         -0.06722487         -5.98428887
         -3.08600508         -0.06468724         -5.98538699
         -3.08787095         -0.06215976         -5.98644506
         -3.08975065         -0.05964255         -5.98746312
         -3.09164420         -0.05713575         -5.98844121
         -3.09355159         -0.05463946         -5.98937935
         -3.09547283         -0.05215381         -5.99027760
         -3.09740790         -0.04967892         -5.99113597
         -3.09935681         -0.04721490         -5.99195451
         -3.10131955         -0.04476189         -5.99273325
         -3.10329609         -0.04231999         -5.99347222
         -3.10528642         -0.03988931         -5.99417144
         -3.10729053         -0.03746998         -5.99483096
         -3.10930839         -0.03506211         -5.99545078
         -3.11133997         -0.03266580         -5.99603095
         -3.11338524         -0.03028118         -5.99657147
         -3.11544418         -0.02790833         -5.99707239
         -3.11751674         -0.02554738         -5.99753371
         -3.11960289         -0.02319842         -5.99795546
         -3.12170258         -0.02086156         -5.99833765
         -3.12381576         -0.01853690         -5.99868030
         -3.12594240         -0.01622454         -5.99898342
         -3.12808243         -0.01392457         -5.99924704
         -3.13023581         -0.01163709         -5.99947115
         -3.13240247         -0.00936218         -5.99965576
         -3.13458235         -0.00709995         -5.99980089
         -3.13677539         -0.00485046         -5.99990653
         -3.13898152         -0.00261382         -5.99997270
         -3.14120068         -0.00039009         -5.99999939
