         -3.40370093          1.31212331         -4.00003356
         -3.40339079          1.31524956         -4.00013567
         -3.40338859          1.31839115         -4.00030653
         -3.40338550          1.32153274         -4.00054631
         -3.40338148          1.32467433         -4.00085519
         -3.40337653          1.32781592         -4.00123335
         -3.40337065          1.33095750         -4.00168095
         -3.40336383          1.33409909         -4.00219816
         -3.40335609          1.33724067         -4.00278516
         -3.40334742          1.34038225         -4.00344210
         -3.40333782          1.34352383         -4.00416914
         -3.40332729          1.34666541         -4.00496644
         -3.40331585          1.34980698         -4.00583416
         -3.40330349          1.35294855         -4.00677245
         -3.40329021          1.35609011         -4.00778147
         -3.40327601          1.35923167         -4.00886134
         -3.40326090          1.36237323         -4.01001223
         -3.40324488          1.36551478         -4.01123427
         -3.40322795          1.36865633         -4.01252760
         -3.40321012          1.37179787         -4.01389236
         -3.40319138          1.37493941         -4.01532867
         -3.40317173          1.37808094         -4.01683668
         -3.40315119          1.38122246         -4.01841650
         -3.40312975          1.38436398         -4.02006827
         -3.40310740          1.38750549         -4.02179210
         -3.40308417          1.39064700         -4.02358811
         -3.40306004          1.39378850         -4.02545642
         -3.40303501          1.39692999         -4.02739715
         -3.40300910          1.40007148         -4.02941040
         -3.40298230          1.40321296         -4.03149628
         -3.40295461          1.40635443         -4.03365489
         -3.40292604          1.40949589         -4.03588634
         -3.40289658          1.41263735         -4.03819073
         -3.40286624          1.41577879         -4.04056815
         -3.40283502          1.41892023         -4.04301870
         -3.40280292          1.42206166         -4.04554246
         -3.40276995          1.42520308         -4.04813953
         -3.40273610          1.42834449         -4.05080998
         -3.40270137          1.43148589         -4.05355391
         -3.40266578          1.43462728         -4.05637139
         -3.40262931          1.43776866         -4.05926249
         -3.40259197          1.44091003         -4.06222728
         -3.40255376          1.44405139         -4.06526585
         -3.40251468          1.44719274         -4.06837825
         -3.40247474          1.45033408         -4.07156455
         -3.40243393          1.45347541         -4.07482481
         -3.40239226          1.45661672         -4.07815910
         -3.40234973          1.45975803         -4.08156745
         -3.40230634          1.46289932         -4.08504993
         -3.40226209          1.46604060         -4.08860659
         -3.40221698          1.46918187         -4.09223747
         -3.40217101          1.47232313         -4.09594262
         -3.40212418          1.47546437         -4.09972207
         -3.40207650          1.47860560         -4.10357587
         -3.40202796          1.48174682         -4.10750404
         -3.40197858          1.48488803         -4.11150663
         -3.40192833          1.48802922         -4.11558366
         -3.40187724          1.49117039         -4.11973515
         -3.40182530          1.49431156         -4.12396113
         -3.40177251          1.49745271         -4.12826162
         -3.40171887          1.50059384         -4.13263663
         -3.40166438          1.50373496         -4.13708618
         -3.40160904          1.50687607         -4.14161028
         -3.40155286          1.51001716         -4.14620894
         -3.40149583          1.51315823         -4.15088215
         -3.40143796          1.51629929         -4.15562993
         -3.40137925          1.51944033         -4.16045228
         -3.40131969          1.52258136         -4.16534918
         -3.40125929          1.52572237         -4.17032063
         -3.40119805          1.52886337         -4.17536662
         -3.40113597          1.53200435         -4.18048714
         -3.40107305          1.53514531         -4.18568217
         -3.40100928          1.53828626         -4.19095169
         -3.40094468          1.54142719         -4.19629567
         -3.40087924          1.54456810         -4.20171411
         -3.40081297          1.54770899         -4.20720696
         -3.40074585          1.55084987         -4.21277419
         -3.40067790          1.55399072         -4.21841577
         -3.40060911          1.55713156         -4.22413167
         -3.40053949          1.56027238         -4.22992184
         -3.40046903          1.56341319         -4.23578623
         -3.40039773          1.56655397         -4.24172481
         -3.40032560          1.56969473         -4.24773753
         -3.40025264          1.57283548         -4.25382432
         -3.40017884          1.57597621         -4.25998514
         -3.40010420          1.57911691         -4.26621993
         -3.40002874          1.58225760         -4.27252862
         -3.39995244          1.58539826         -4.27891115
         -3.39987530          1.58853891         -4.28536745
         -3.39979734          1.59167953         -4.29189746
         -3.39971854          1.59482014         -4.29850110
         -3.39963891          1.59796072         -4.30517829
         -3.39955844          1.60110128         -4.31192896
         -3.39947715          1.60424182         -4.31875302
         -3.39939502          1.60738234         -4.32565038
         -3.39931206          1.61052284         -4.33262096
         -3.39922827          1.61366332         -4.33966466
         -3.39914364          1.61680377         -4.34678140
         -3.39905819          1.61994420         -4.35397107
         -3.39897190          1.62308461         -4.36123357
         -3.39888478          1.62622499         -4.36856881
         -3.39879682          1.62936535         -4.37597666
         -3.39870804          1.63250569         -4.38345704
         -3.39861842          1.63564600         -4.39100981
         -3.39852797          1.63878629         -4.39863487
         -3.39843669          1.64192656         -4.40633209
         -3.39834457          1.64506680         -4.41410137
         -3.39825162          1.64820702         -4.42194256
         -3.39815784          1.65134721         -4.42985555
         -3.39806322          1.65448738         -4.43784021
         -3.39796777          1.65762752         -4.44589640
         -3.39787149          1.66076764         -4.45402398
         -3.39777437          1.66390773         -4.46222282
         -3.39767642          1.66704779         -4.47049277
         -3.39757763          1.67018783         -4.47883370
         -3.39747800          1.67332785         -4.48724544
         -3.39737754          1.67646783         -4.49572786
         -3.39727625          1.67960779         -4.50428079
         -3.39717411          1.68274772         -4.51290408
         -3.39707114          1.68588763         -4.52159758
         -3.39696734          1.68902751         -4.53036111
         -3.39686269          1.69216735         -4.53919451
         -3.39675720          1.69530718         -4.54809762
         -3.39665088          1.69844697         -4.55707027
         -3.39654371          1.70158673         -4.56611227
         -3.39643571          1.70472647         -4.57522345
         -3.39632686          1.70786617         -4.58440364
         -3.39621717          1.71100585         -4.59365265
         -3.39610664          1.71414550         -4.60297029
         -3.39599527          1.71728512         -4.61235638
         -3.39588305          1.72042471         -4.62181072
         -3.39576998          1.72356426         -4.63133312
         -3.39565607          1.72670379         -4.64092338
         -3.39554132          1.72984329         -4.65058131
         -3.39542572          1.73298275         -4.66030670
         -3.39530926          1.73612218         -4.67009934
         -3.39519196          1.73926159         -4.67995903
         -3.39507381          1.74240096         -4.68988555
         -3.39495481          1.74554029         -4.69987870
         -3.39483496          1.74867960         -4.70993825
         -3.39471426          1.75181887         -4.72006399
         -3.39459270          1.75495811         -4.73025569
         -3.39447029          1.75809732         -4.74051312
         -3.39434702          1.76123649         -4.75083607
         -3.39422289          1.76437563         -4.76122430
         -3.39409791          1.76751474         -4.77167757
         -3.39397207          1.77065381         -4.78219565
         -3.39384537          1.77379285         -4.79277831
         -3.39371780          1.77693185         -4.80342529
         -3.39358938          1.78007081         -4.81413636
         -3.39346009          1.78320975         -4.82491127
         -3.39332994          1.78634864         -4.83574976
         -3.39319892          1.78948750         -4.84665159
         -3.39306703          1.79262632         -4.85761650
         -3.39293427          1.79576511         -4.86864424
         -3.39280065          1.79890386         -4.87973454
         -3.39266615          1.80204257         -4.89088714
         -3.39253078          1.80518125         -4.90210177
         -3.39239454          1.80831988         -4.91337817
         -3.39225742          1.81145848         -4.92471606
         -3.39211943          1.81459704         -4.93611517
         -3.39198056          1.81773557         -4.94757523
         -3.39184081          1.82087405         -4.95909596
         -3.39170017          1.82401249         -4.97067707
         -3.39155866          1.82715089         -4.98231828
         -3.39141625          1.83028926         -4.99401930
         -3.39127297          1.83342758         -5.00577985
         -3.39112879          1.83656586         -5.01759963
         -3.39098373          1.83970411         -5.02947836
         -3.39083778          1.84284231         -5.04141572
         -3.39069093          1.84598047         -5.05341143
         -3.39054319          1.84911858         -5.06546518
         -3.39039456          1.85225666         -5.07757667
         -3.39024502          1.85539469         -5.08974558
         -3.39009459          1.85853268         -5.10197162
         -3.38994325          1.86167062         -5.11425447
         -3.38979102          1.86480853         -5.12659382
         -3.38963787          1.86794638         -5.13898934
         -3.38948382          1.87108420         -5.15144073
         -3.38932887          1.87422197         -5.16394765
         -3.38917300          1.87735969         -5.17650979
         -3.38901622          1.88049737         -5.18912681
         -3.38885852          1.88363500         -5.20179840
         -3.38869991          1.88677259         -5.21452422
         -3.38854038          1.88991012         -5.22730393
         -3.38837993          1.89304762         -5.24013720
         -3.38821855          1.89618506         -5.25302370
         -3.38805625          1.89932246         -5.26596308
         -3.38789303          1.90245981         -5.27895499
         -3.38772887          1.90559711         -5.29199911
         -3.38756378          1.90873436         -5.30509507
         -3.38739776          1.91187157         -5.31824252
         -3.38723081          1.91500872         -5.33144113
         -3.38706291          1.91814582         -5.34469053
         -3.38689407          1.92128287         -5.35799036
         -3.38672430          1.92441988         -5.37134027
         -3.38655357          1.92755683         -5.38473990
         -3.38638190          1.93069372         -5.39818889
         -3.38620928          1.93383057         -5.41168686
         -3.38603571          1.93696737         -5.42523346
         -3.38586118          1.94010411         -5.43882831
         -3.38568569          1.94324079         -5.45247104
         -3.38550924          1.94637743         -5.46616129
         -3.38533183          1.94951401         -5.47989866
         -3.38515346          1.95265053         -5.49368279
         -3.38497412          1.95578700         -5.50751330
         -3.38479380          1.95892341         -5.52138980
         -3.38461252          1.96205977         -5.53531191
         -3.38443026          1.96519607         -5.54927925
         -3.38424701          1.96833232         -5.56329142
         -3.38406279          1.97146850         -5.57734804
         -3.38387759          1.97460463         -5.59144871
         -3.38369139          1.97774070         -5.60559305
         -3.38350421          1.98087671         -5.61978064
         -3.38331603          1.98401267         -5.63401111
         -3.38312686          1.98714856         -5.64828404
         -3.38293669          1.99028439         -5.66259904
         -3.38274552          1.99342016         -5.67695570
         -3.38255334          1.99655587         -5.69135362
         -3.38236016          1.99969152         -5.70579238
         -3.38216596          2.00282710         -5.72027159
         -3.38197075          2.00596262         -5.73479082
         -3.38177452          2.00909808         -5.74934967
         -3.38157728          2.01223348         -5.76394773
         -3.38137901          2.01536881         -5.77858457
         -3.38117971          2.01850407         -5.79325977
         -3.38097938          2.02163927         -5.80797292
         -3.38077802          2.02477440         -5.82272360
         -3.38057562          2.02790947         -5.83751138
         -3.38037218          2.03104447         -5.85233584
         -3.38016770          2.03417940         -5.86719655
         -3.37996217          2.03731426         -5.88209308
         -3.37975560          2.04044906         -5.89702500
         -3.37954796          2.04358378         -5.91199188
         -3.37933927          2.04671843         -5.92699329
         -3.37912952          2.04985302         -5.94202879
         -3.37891871          2.05298753         -5.95709794
         -3.37870682          2.05612197         -5.97220031
         -3.37849386          2.05925633         -5.98733546
         -3.37827983          2.06239063         -6.00250294
         -3.37806472          2.06552484         -6.01770231
         -3.37784853          2.06865899         -6.03293313
         -3.37763124          2.07179306         -6.04819496
         -3.37741287          2.07492705         -6.06348734
         -3.37719340          2.07806097         -6.07880982
         -3.37697284          2.08119481         -6.09416197
         -3.37675117          2.08432857         -6.10954331
         -3.37652839          2.08746226         -6.12495341
         -3.37630450          2.09059586         -6.14039180
         -3.37607950          2.09372939         -6.15585804
         -3.37585338          2.09686283         -6.17135166
         -3.37562613          2.09999619         -6.18687220
         -3.37539776          2.10312948         -6.20241921
         -3.37516825          2.10626267         -6.21799223
         -3.37493761          2.10939579         -6.23359078
         -3.37470583          2.11252882         -6.24921442
         -3.37447290          2.11566177         -6.26486267
         -3.37423883          2.11879463         -6.28053506
         -3.37400360          2.12192740         -6.29623114
         -3.37376721          2.12506009         -6.31195042
         -3.37352966          2.12819268         -6.32769245
         -3.37329094          2.13132519         -6.34345675
         -3.37305105          2.13445761         -6.35924285
         -3.37280998          2.13758994         -6.37505027
         -3.37256773          2.14072218         -6.39087855
         -3.37232430          2.14385433         -6.40672720
         -3.37207967          2.14698638         -6.42259575
         -3.37183385          2.15011834         -6.43848373
         -3.37158683          2.15325021         -6.45439065
         -3.37133860          2.15638198         -6.47031603
         -3.37108917          2.15951366         -6.48625940
         -3.37083851          2.16264523         -6.50222027
         -3.37058664          2.16577671         -6.51819816
         -3.37033354          2.16890809         -6.53419258
         -3.37007921          2.17203937         -6.55020307
         -3.36982364          2.17517055         -6.56622912
         -3.36956683          2.17830163         -6.58227025
         -3.36930878          2.18143261         -6.59832597
         -3.36904947          2.18456348         -6.61439581
         -3.36878891          2.18769425         -6.63047926
         -3.36852708          2.19082491         -6.64657585
         -3.36826398          2.19395547         -6.66268507
         -3.36799961          2.19708592         -6.67880645
         -3.36773396          2.20021626         -6.69493948
         -3.36746703          2.20334649         -6.71108368
         -3.36719880          2.20647661         -6.72723855
         -3.36692928          2.20960662         -6.74340360
         -3.36665846          2.21273652         -6.75957833
         -3.36638632          2.21586631         -6.77576226
         -3.36611288          2.21899597         -6.79195488
         -3.36583811          2.22212553         -6.80815569
         -3.36556202          2.22525497         -6.82436421
         -3.36528459          2.22838428         -6.84057994
         -3.36500583          2.23151349         -6.85680237
         -3.36472572          2.23464257         -6.87303101
         -3.36444426          2.23777152         -6.88926536
         -3.36416144          2.24090036         -6.90550492
         -3.36387726          2.24402907         -6.92174920
         -3.36359171          2.24715766         -6.93799768
         -3.36330479          2.25028613         -6.95424987
         -3.36301648          2.25341446         -6.97050527
         -3.36272678          2.25654267         -6.98676338
         -3.36243569          2.25967075         -7.00302370
         -3.36214319          2.26279869         -7.01928572
         -3.36184929          2.26592651         -7.03554894
         -3.36155396          2.26905419         -7.05181286
         -3.36125722          2.27218173         -7.06807698
         -3.36095904          2.27530914         -7.08434079
         -3.36065943          2.27843642         -7.10060379
         -3.36035837          2.28156355         -7.11686548
         -3.36005587          2.28469055         -7.13312535
         -3.35975190          2.28781740         -7.14938289
         -3.35944647          2.29094411         -7.16563761
         -3.35913956          2.29407068         -7.18188900
         -3.35883118          2.29719710         -7.19813655
         -3.35852131          2.30032337         -7.21437977
         -3.35820994          2.30344949         -7.23061814
         -3.35789707          2.30657547         -7.24685116
         -3.35758269          2.30970129         -7.26307833
         -3.35726678          2.31282696         -7.27929914
         -3.35694936          2.31595248         -7.29551309
         -3.35663040          2.31907783         -7.31171967
         -3.35630990          2.32220304         -7.32791838
         -3.35598784          2.32532808         -7.34410871
         -3.35566423          2.32845296         -7.36029016
         -3.35533906          2.33157768         -7.37646223
         -3.35501231          2.33470223         -7.39262440
         -3.35468397          2.33782662         -7.40877619
         -3.35435405          2.34095084         -7.42491707
         -3.35402252          2.34407489         -7.44104656
         -3.35368939          2.34719877         -7.45716414
         -3.35335464          2.35032248         -7.47326931
         -3.35301827          2.35344601         -7.48936157
         -3.35268026          2.35656937         -7.50544042
         -3.35234060          2.35969255         -7.52150535
         -3.35199930          2.36281554         -7.53755587
         -3.35165634          2.36593836         -7.55359147
         -3.35131170          2.36906099         -7.56961164
         -3.35096539          2.37218344         -7.58561589
         -3.35061738          2.37530570         -7.60160372
         -3.35026768          2.37842776         -7.61757463
         -3.34991628          2.38154964         -7.63352812
         -3.34956315          2.38467133         -7.64946368
         -3.34920830          2.38779281         -7.66538083
         -3.34885171          2.39091410         -7.68127905
         -3.34849338          2.39403519         -7.69715786
         -3.34813329          2.39715608         -7.71301676
         -3.34777143          2.40027676         -7.72885524
         -3.34740780          2.40339724         -7.74467282
         -3.34704239          2.40651751         -7.76046900
         -3.34667517          2.40963757         -7.77624328
         -3.34630615          2.41275741         -7.79199517
         -3.34593532          2.41587704         -7.80772418
         -3.34556265          2.41899645         -7.82342981
         -3.34518815          2.42211564         -7.83911157
         -3.34481180          2.42523461         -7.85476898
         -3.34443358          2.42835335         -7.87040153
         -3.34405350          2.43147187         -7.88600874
         -3.34367154          2.43459016         -7.90159012
         -3.34328768          2.43770821         -7.91714518
         -3.34290192          2.44082603         -7.93267344
         -3.34251424          2.44394361         -7.94817441
         -3.34212463          2.44706095         -7.96364760
         -3.34173309          2.45017805         -7.97909253
         -3.34133960          2.45329490         -7.99450872
         -3.34094414          2.45641150         -8.00989568
         -3.34054671          2.45952785         -8.02525292
         -3.34014729          2.46264395         -8.04057998
         -3.33974588          2.46575980         -8.05587636
         -3.33934245          2.46887538         -8.07114160
         -3.33893700          2.47199070         -8.08637520
         -3.33852952          2.47510575         -8.10157671
         -3.33811998          2.47822054         -8.11674563
         -3.33770839          2.48133505         -8.13188150
         -3.33729472          2.48444929         -8.14698384
         -3.33687897          2.48756325         -8.16205218
         -3.33646112          2.49067693         -8.17708605
         -3.33604115          2.49379032         -8.19208497
         -3.33561905          2.49690343         -8.20704849
         -3.33519482          2.50001625         -8.22197613
         -3.33476843          2.50312877         -8.23686743
         -3.33433988          2.50624100         -8.25172191
         -3.33390914          2.50935292         -8.26653913
         -3.33347621          2.51246454         -8.28131861
         -3.33304107          2.51557585         -8.29605989
         -3.33260370          2.51868685         -8.31076252
         -3.33216410          2.52179753         -8.32542603
         -3.33172224          2.52490790         -8.34004997
         -3.33127811          2.52801794         -8.35463389
         -3.33083171          2.53112765         -8.36917732
         -3.33038300          2.53423704         -8.38367982
         -3.32993198          2.53734609         -8.39814094
         -3.32947863          2.54045480         -8.41256022
         -3.32902294          2.54356317         -8.42693722
         -3.32856489          2.54667119         -8.44127149
         -3.32810446          2.54977886         -8.45556259
         -3.32764164          2.55288617         -8.46981007
         -3.32717641          2.55599312         -8.48401348
         -3.32670876          2.55909972         -8.49817240
         -3.32623867          2.56220594         -8.51228638
         -3.32576612          2.56531179         -8.52635498
         -3.32529110          2.56841726         -8.54037777
         -3.32481359          2.57152235         -8.55435432
         -3.32433356          2.57462705         -8.56828418
         -3.32385101          2.57773137         -8.58216694
         -3.32336592          2.58083528         -8.59600217
         -3.32287827          2.58393879         -8.60978943
         -3.32238804          2.58704190         -8.62352830
         -3.32189521          2.59014460         -8.63721836
         -3.32139976          2.59324688         -8.65085919
         -3.32090169          2.59634874         -8.66445036
         -3.32040095          2.59945017         -8.67799147
         -3.31989755          2.60255116         -8.69148209
         -3.31939146          2.60565173         -8.70492180
         -3.31888265          2.60875184         -8.71831021
         -3.31837112          2.61185151         -8.73164690
         -3.31785684          2.61495072         -8.74493145
         -3.31733979          2.61804947         -8.75816347
         -3.31681995          2.62114776         -8.77134255
         -3.31629730          2.62424557         -8.78446829
         -3.31577182          2.62734290         -8.79754028
         -3.31524349          2.63043975         -8.81055813
         -3.31471228          2.63353611         -8.82352145
         -3.31417819          2.63663197         -8.83642983
         -3.31364117          2.63972732         -8.84928290
         -3.31310123          2.64282217         -8.86208025
         -3.31255832          2.64591650         -8.87482150
         -3.31201243          2.64901030         -8.88750627
         -3.31146354          2.65210357         -8.90013416
         -3.31091162          2.65519630         -8.91270481
         -3.31035666          2.65828849         -8.92521783
         -3.30979862          2.66138012         -8.93767285
         -3.30923748          2.66447119         -8.95006948
         -3.30867323          2.66756170         -8.96240737
         -3.30810583          2.67065163         -8.97468613
         -3.30753527          2.67374097         -8.98690541
         -3.30696151          2.67682973         -8.99906483
         -3.30638453          2.67991788         -9.01116404
         -3.30580432          2.68300543         -9.02320267
         -3.30522083          2.68609236         -9.03518037
         -3.30463405          2.68917867         -9.04709677
         -3.30404395          2.69226435         -9.05895153
         -3.30345051          2.69534938         -9.07074430
         -3.30285369          2.69843376         -9.08247473
         -3.30225347          2.70151748         -9.09414246
         -3.30164983          2.70460054         -9.10574716
         -3.30104273          2.70768291         -9.11728849
         -3.30043215          2.71076460         -9.12876611
         -3.29981805          2.71384559         -9.14017968
         -3.29920042          2.71692587         -9.15152887
         -3.29857922          2.72000543         -9.16281335
         -3.29795442          2.72308427         -9.17403279
         -3.29732600          2.72616237         -9.18518686
         -3.29669391          2.72923972         -9.19627524
         -3.29605814          2.73231630         -9.20729762
         -3.29541865          2.73539212         -9.21825367
         -3.29477541          2.73846716         -9.22914307
         -3.29412839          2.74154140         -9.23996552
         -3.29347756          2.74461484         -9.25072071
         -3.29282288          2.74768746         -9.26140833
         -3.29216432          2.75075925         -9.27202807
         -3.29150185          2.75383020         -9.28257964
         -3.29083544          2.75690030         -9.29306273
         -3.29016505          2.75996953         -9.30347704
         -3.28949064          2.76303788         -9.31382230
         -3.28881218          2.76610534         -9.32409820
         -3.28812965          2.76917189         -9.33430446
         -3.28744299          2.77223753         -9.34444078
         -3.28675218          2.77530223         -9.35450691
         -3.28605717          2.77836598         -9.36450254
         -3.28535793          2.78142877         -9.37442741
         -3.28465443          2.78449058         -9.38428124
         -3.28394663          2.78755140         -9.39406376
         -3.28323447          2.79061121         -9.40377471
         -3.28251794          2.79367000         -9.41341382
         -3.28179698          2.79672774         -9.42298083
         -3.28107156          2.79978444         -9.43247547
         -3.28034164          2.80284006         -9.44189751
         -3.27960717          2.80589459         -9.45124668
         -3.27886811          2.80894801         -9.46052273
         -3.27812442          2.81200031         -9.46972541
         -3.27737606          2.81505147         -9.47885449
         -3.27662298          2.81810147         -9.48790972
         -3.27586515          2.82115028         -9.49689087
         -3.27510250          2.82419790         -9.50579770
         -3.27433501          2.82724430         -9.51462998
         -3.27356261          2.83028946         -9.52338749
         -3.27278528          2.83333337         -9.53206999
         -3.27200295          2.83637599         -9.54067727
         -3.27121558          2.83941732         -9.54920910
         -3.27042312          2.84245732         -9.55766528
         -3.26962552          2.84549598         -9.56604559
         -3.26882273          2.84853327         -9.57434981
         -3.26801470          2.85156917         -9.58257776
         -3.26720138          2.85460365         -9.59072921
         -3.26638271          2.85763670         -9.59880398
         -3.26555865          2.86066829         -9.60680187
         -3.26472913          2.86369839         -9.61472268
         -3.26389410          2.86672698         -9.62256622
         -3.26305351          2.86975402         -9.63033232
         -3.26220729          2.87277950         -9.63802078
         -3.26135540          2.87580339         -9.64563142
         -3.26049777          2.87882565         -9.65316408
         -3.25963434          2.88184626         -9.66061857
         -3.25876505          2.88486519         -9.66799473
         -3.25788984          2.88788241         -9.67529239
         -3.25700865          2.89089789         -9.68251139
         -3.25612142          2.89391160         -9.68965157
         -3.25522807          2.89692349         -9.69671276
         -3.25432855          2.89993356         -9.70369483
         -3.25342278          2.90294174         -9.71059762
         -3.25251070          2.90594802         -9.71742098
         -3.25159225          2.90895236         -9.72416477
         -3.25066734          2.91195472         -9.73082885
         -3.24973590          2.91495505         -9.73741309
         -3.24879787          2.91795334         -9.74391736
         -3.24785318          2.92094953         -9.75034152
         -3.24690173          2.92394358         -9.75668545
         -3.24594347          2.92693546         -9.76294903
         -3.24497830          2.92992512         -9.76913214
         -3.24400616          2.93291252         -9.77523466
         -3.24302695          2.93589760         -9.78125649
         -3.24204060          2.93888034         -9.78719752
         -3.24104702          2.94186068         -9.79305763
         -3.24004612          2.94483856         -9.79883674
         -3.23903783          2.94781395         -9.80453474
         -3.23802204          2.95078679         -9.81015155
         -3.23699867          2.95375703         -9.81568706
         -3.23596762          2.95672462         -9.82114120
         -3.23492880          2.95968949         -9.82651388
         -3.23388212          2.96265159         -9.83180503
         -3.23282747          2.96561087         -9.83701455
         -3.23176475          2.96856726         -9.84214240
         -3.23069387          2.97152070         -9.84718849
         -3.22961470          2.97447112         -9.85215276
         -3.22852716          2.97741847         -9.85703515
         -3.22743111          2.98036266         -9.86183560
         -3.22632647          2.98330364         -9.86655406
         -3.22521310          2.98624133         -9.87119048
         -3.22409089          2.98917566         -9.87574481
         -3.22295972          2.99210654         -9.88021700
         -3.22181947          2.99503390         -9.88460702
         -3.22067001          2.99795765         -9.88891484
         -3.21951121          3.00087772         -9.89314042
         -3.21834293          3.00379400         -9.89728372
         -3.21716504          3.00670642         -9.90134474
         -3.21597741          3.00961488         -9.90532344
         -3.21477987          3.01251928         -9.90921980
         -3.21357230          3.01541951         -9.91303382
         -3.21235453          3.01831548         -9.91676549
         -3.21112641          3.02120708         -9.92041479
         -3.20988777          3.02409418         -9.92398172
         -3.20863846          3.02697669         -9.92746629
         -3.20737830          3.02985446         -9.93086850
         -3.20610711          3.03272739         -9.93418835
         -3.20482471          3.03559532         -9.93742587
         -3.20353092          3.03845814         -9.94058105
         -3.20222554          3.04131569         -9.94365393
         -3.20090837          3.04416782         -9.94664453
         -3.19957920          3.04701438         -9.94955286
         -3.19823782          3.04985521         -9.95237897
         -3.19688399          3.05269013         -9.95512289
         -3.19551750          3.05551896         -9.95778464
         -3.19413809          3.05834152         -9.96036429
         -3.19274553          3.06115761         -9.96286185
         -3.19133953          3.06396702         -9.96527740
         -3.18991983          3.06676953         -9.96761097
         -3.18848615          3.06956491         -9.96986263
         -3.18703818          3.07235292         -9.97203243
         -3.18557561          3.07513329         -9.97412043
         -3.18409810          3.07790576         -9.97612670
         -3.18260532          3.08067003         -9.97805132
         -3.18109688          3.08342579         -9.97989435
         -3.17957240          3.08617271         -9.98165587
         -3.17803146          3.08891044         -9.98333596
         -3.17647363          3.09163858         -9.98493471
         -3.17489843          3.09435673         -9.98645220
         -3.17330535          3.09706444         -9.98788853
         -3.17169385          3.09976123         -9.98924378
         -3.17006334          3.10244657         -9.99051806
         -3.16841318          3.10511988         -9.99171147
         -3.16674267          3.10778052         -9.99282411
         -3.16505103          3.11042777         -9.99385609
         -3.16333739          3.11306084         -9.99480753
         -3.16160081          3.11567883         -9.99567853
         -3.15984018          3.11828072         -9.99646922
         -3.15805426          3.12086530         -9.99717972
         -3.15624157          3.12343118         -9.99781015
         -3.15440037          3.12597669         -9.99836065
         -3.15252854          3.12849976         -9.99883133
         -3.15062338          3.13099775         -9.99922235
         -3.14868133          3.13346717         -9.99953384
         -3.14669730          3.13590299         -9.99976594
         -3.14466316          3.13829712         -9.99991880
         -3.14256245          3.14063307         -9.99999255
