         -1.31213180          3.40359762         -4.00003393
         -1.31526657          3.40339073         -4.00013641
         -1.31840816          3.40338855         -4.00030764
         -1.32154975          3.40338546         -4.00054780
         -1.32469134          3.40338145         -4.00085706
         -1.32783293          3.40337649         -4.00123559
         -1.33097452          3.40337061         -4.00168356
         -1.33411610          3.40336379         -4.00220116
         -1.33725769          3.40335604         -4.00278853
         -1.34039927          3.40334736         -4.00344585
         -1.34354085          3.40333776         -4.00417327
         -1.34668242          3.40332723         -4.00497095
         -1.34982399          3.40331578         -4.00583906
         -1.35296556          3.40330341         -4.00677773
         -1.35610713          3.40329013         -4.00778712
         -1.35924869          3.40327593         -4.00886738
         -1.36239024          3.40326081         -4.01001866
         -1.36553179          3.40324479         -4.01124108
         -1.36867334          3.40322786         -4.01253480
         -1.37181488          3.40321002         -4.01389994
         -1.37495642          3.40319127         -4.01533665
         -1.37809795          3.40317162         -4.01684504
         -1.38123948          3.40315107         -4.01842526
         -1.38438100          3.40312962         -4.02007741
         -1.38752251          3.40310728         -4.02180163
         -1.39066402          3.40308404         -4.02359804
         -1.39380552          3.40305990         -4.02546674
         -1.39694701          3.40303487         -4.02740786
         -1.40008849          3.40300896         -4.02942150
         -1.40322997          3.40298215         -4.03150777
         -1.40637144          3.40295446         -4.03366678
         -1.40951291          3.40292588         -4.03589863
         -1.41265436          3.40289642         -4.03820341
         -1.41579581          3.40286607         -4.04058123
         -1.41893724          3.40283485         -4.04303217
         -1.42207867          3.40280275         -4.04555633
         -1.42522009          3.40276977         -4.04815379
         -1.42836150          3.40273591         -4.05082465
         -1.43150290          3.40270118         -4.05356897
         -1.43464429          3.40266558         -4.05638685
         -1.43778568          3.40262910         -4.05927835
         -1.44092705          3.40259176         -4.06224354
         -1.44406841          3.40255355         -4.06528251
         -1.44720976          3.40251447         -4.06839531
         -1.45035109          3.40247452         -4.07158201
         -1.45349242          3.40243371         -4.07484267
         -1.45663374          3.40239204         -4.07817736
         -1.45977504          3.40234950         -4.08158611
         -1.46291634          3.40230610         -4.08506900
         -1.46605762          3.40226184         -4.08862605
         -1.46919889          3.40221673         -4.09225734
         -1.47234014          3.40217075         -4.09596289
         -1.47548139          3.40212392         -4.09974274
         -1.47862262          3.40207624         -4.10359694
         -1.48176383          3.40202770         -4.10752552
         -1.48490504          3.40197830         -4.11152851
         -1.48804623          3.40192806         -4.11560594
         -1.49118741          3.40187696         -4.11975784
         -1.49432857          3.40182501         -4.12398422
         -1.49746972          3.40177222         -4.12828511
         -1.50061085          3.40171857         -4.13266053
         -1.50375197          3.40166408         -4.13711048
         -1.50689308          3.40160874         -4.14163499
         -1.51003417          3.40155255         -4.14623405
         -1.51317524          3.40149552         -4.15090767
         -1.51631630          3.40143765         -4.15565585
         -1.51945735          3.40137893         -4.16047860
         -1.52259837          3.40131937         -4.16537590
         -1.52573939          3.40125896         -4.17034776
         -1.52888038          3.40119772         -4.17539415
         -1.53202136          3.40113563         -4.18051507
         -1.53516232          3.40107270         -4.18571051
         -1.53830327          3.40100894         -4.19098043
         -1.54144420          3.40094433         -4.19632482
         -1.54458511          3.40087889         -4.20174366
         -1.54772600          3.40081260         -4.20723691
         -1.55086688          3.40074548         -4.21280455
         -1.55400773          3.40067753         -4.21844653
         -1.55714857          3.40060873         -4.22416283
         -1.56028939          3.40053911         -4.22995340
         -1.56343020          3.40046864         -4.23581820
         -1.56657098          3.40039734         -4.24175718
         -1.56971175          3.40032521         -4.24777029
         -1.57285249          3.40025224         -4.25385749
         -1.57599322          3.40017843         -4.26001871
         -1.57913392          3.40010380         -4.26625389
         -1.58227461          3.40002832         -4.27256299
         -1.58541527          3.39995202         -4.27894592
         -1.58855592          3.39987488         -4.28540262
         -1.59169654          3.39979691         -4.29193303
         -1.59483715          3.39971811         -4.29853707
         -1.59797773          3.39963847         -4.30521466
         -1.60111829          3.39955801         -4.31196572
         -1.60425883          3.39947670         -4.31879018
         -1.60739935          3.39939457         -4.32568793
         -1.61053985          3.39931161         -4.33265891
         -1.61368032          3.39922781         -4.33970301
         -1.61682078          3.39914318         -4.34682014
         -1.61996121          3.39905772         -4.35401021
         -1.62310161          3.39897143         -4.36127311
         -1.62624200          3.39888430         -4.36860873
         -1.62938236          3.39879634         -4.37601698
         -1.63252270          3.39870755         -4.38349775
         -1.63566301          3.39861793         -4.39105091
         -1.63880330          3.39852748         -4.39867636
         -1.64194357          3.39843619         -4.40637398
         -1.64508381          3.39834407         -4.41414364
         -1.64822403          3.39825111         -4.42198523
         -1.65136422          3.39815733         -4.42989861
         -1.65450439          3.39806271         -4.43788365
         -1.65764453          3.39796725         -4.44594022
         -1.66078465          3.39787096         -4.45406819
         -1.66392474          3.39777384         -4.46226742
         -1.66706480          3.39767588         -4.47053776
         -1.67020484          3.39757709         -4.47887906
         -1.67334485          3.39747746         -4.48729119
         -1.67648484          3.39737700         -4.49577399
         -1.67962480          3.39727570         -4.50432730
         -1.68276473          3.39717356         -4.51295098
         -1.68590463          3.39707058         -4.52164485
         -1.68904451          3.39696677         -4.53040876
         -1.69218436          3.39686212         -4.53924255
         -1.69532418          3.39675663         -4.54814603
         -1.69846397          3.39665030         -4.55711905
         -1.70160374          3.39654313         -4.56616143
         -1.70474347          3.39643512         -4.57527299
         -1.70788318          3.39632627         -4.58445355
         -1.71102286          3.39621658         -4.59370293
         -1.71416250          3.39610604         -4.60302094
         -1.71730212          3.39599466         -4.61240740
         -1.72044171          3.39588244         -4.62186211
         -1.72358127          3.39576937         -4.63138488
         -1.72672079          3.39565545         -4.64097551
         -1.72986029          3.39554069         -4.65063380
         -1.73299975          3.39542509         -4.66035955
         -1.73613919          3.39530863         -4.67015256
         -1.73927859          3.39519133         -4.68001261
         -1.74241796          3.39507317         -4.68993950
         -1.74555730          3.39495417         -4.69993301
         -1.74869660          3.39483431         -4.70999292
         -1.75183588          3.39471360         -4.72011901
         -1.75497512          3.39459204         -4.73031107
         -1.75811432          3.39446962         -4.74056886
         -1.76125350          3.39434635         -4.75089216
         -1.76439263          3.39422222         -4.76128074
         -1.76753174          3.39409723         -4.77173436
         -1.77067081          3.39397138         -4.78225280
         -1.77380985          3.39384468         -4.79283580
         -1.77694885          3.39371711         -4.80348313
         -1.78008782          3.39358868         -4.81419455
         -1.78322675          3.39345939         -4.82496980
         -1.78636564          3.39332923         -4.83580864
         -1.78950450          3.39319820         -4.84671081
         -1.79264332          3.39306631         -4.85767606
         -1.79578211          3.39293355         -4.86870414
         -1.79892086          3.39279992         -4.87979477
         -1.80205957          3.39266542         -4.89094771
         -1.80519825          3.39253005         -4.90216268
         -1.80833688          3.39239380         -4.91343941
         -1.81147548          3.39225668         -4.92477763
         -1.81461404          3.39211868         -4.93617708
         -1.81775256          3.39197980         -4.94763747
         -1.82089105          3.39184005         -4.95915852
         -1.82402949          3.39169941         -4.97073995
         -1.82716789          3.39155789         -4.98238149
         -1.83030626          3.39141548         -4.99408284
         -1.83344458          3.39127219         -5.00584371
         -1.83658286          3.39112801         -5.01766381
         -1.83972110          3.39098294         -5.02954285
         -1.84285930          3.39083698         -5.04148053
         -1.84599746          3.39069013         -5.05347656
         -1.84913558          3.39054239         -5.06553062
         -1.85227365          3.39039375         -5.07764242
         -1.85541168          3.39024421         -5.08981165
         -1.85854967          3.39009377         -5.10203800
         -1.86168762          3.38994243         -5.11432115
         -1.86482552          3.38979019         -5.12666080
         -1.86796338          3.38963704         -5.13905663
         -1.87110119          3.38948299         -5.15150831
         -1.87423896          3.38932802         -5.16401554
         -1.87737668          3.38917215         -5.17657797
         -1.88051436          3.38901537         -5.18919530
         -1.88365199          3.38885766         -5.20186718
         -1.88678958          3.38869905         -5.21459329
         -1.88992712          3.38853951         -5.22737329
         -1.89306461          3.38837905         -5.24020685
         -1.89620206          3.38821768         -5.25309364
         -1.89933945          3.38805537         -5.26603330
         -1.90247680          3.38789214         -5.27902550
         -1.90561410          3.38772798         -5.29206990
         -1.90875135          3.38756289         -5.30516613
         -1.91188856          3.38739686         -5.31831387
         -1.91502571          3.38722990         -5.33151275
         -1.91816281          3.38706200         -5.34476242
         -1.92129986          3.38689316         -5.35806253
         -1.92443687          3.38672337         -5.37141271
         -1.92757382          3.38655264         -5.38481261
         -1.93071071          3.38638097         -5.39826186
         -1.93384756          3.38620834         -5.41176010
         -1.93698435          3.38603476         -5.42530696
         -1.94012110          3.38586023         -5.43890207
         -1.94325778          3.38568474         -5.45254507
         -1.94639442          3.38550828         -5.46623556
         -1.94953099          3.38533087         -5.47997319
         -1.95266752          3.38515249         -5.49375758
         -1.95580399          3.38497314         -5.50758833
         -1.95894040          3.38479282         -5.52146508
         -1.96207676          3.38461153         -5.53538744
         -1.96521306          3.38442927         -5.54935502
         -1.96834930          3.38424602         -5.56336743
         -1.97148549          3.38406179         -5.57742429
         -1.97462162          3.38387658         -5.59152520
         -1.97775769          3.38369038         -5.60566977
         -1.98089370          3.38350319         -5.61985760
         -1.98402965          3.38331501         -5.63408830
         -1.98716554          3.38312583         -5.64836146
         -1.99030137          3.38293566         -5.66267668
         -1.99343714          3.38274448         -5.67703357
         -1.99657285          3.38255230         -5.69143171
         -1.99970850          3.38235911         -5.70587069
         -2.00284408          3.38216491         -5.72035012
         -2.00597961          3.38196969         -5.73486957
         -2.00911506          3.38177346         -5.74942863
         -2.01225046          3.38157620         -5.76402690
         -2.01538579          3.38137793         -5.77866395
         -2.01852105          3.38117863         -5.79333936
         -2.02165625          3.38097829         -5.80805272
         -2.02479138          3.38077693         -5.82280360
         -2.02792645          3.38057452         -5.83759158
         -2.03106145          3.38037108         -5.85241623
         -2.03419638          3.38016659         -5.86727714
         -2.03733124          3.37996106         -5.88217386
         -2.04046603          3.37975447         -5.89710597
         -2.04360076          3.37954684         -5.91207304
         -2.04673541          3.37933814         -5.92707463
         -2.04986999          3.37912838         -5.94211031
         -2.05300450          3.37891756         -5.95717965
         -2.05613894          3.37870567         -5.97228220
         -2.05927331          3.37849271         -5.98741752
         -2.06240760          3.37827867         -6.00258517
         -2.06554182          3.37806355         -6.01778472
         -2.06867596          3.37784735         -6.03301571
         -2.07181003          3.37763006         -6.04827770
         -2.07494403          3.37741168         -6.06357025
         -2.07807794          3.37719221         -6.07889289
         -2.08121178          3.37697164         -6.09424520
         -2.08434555          3.37674996         -6.10962670
         -2.08747923          3.37652718         -6.12503695
         -2.09061283          3.37630328         -6.14047550
         -2.09374636          3.37607828         -6.15594188
         -2.09687980          3.37585215         -6.17143565
         -2.10001316          3.37562490         -6.18695634
         -2.10314645          3.37539652         -6.20250349
         -2.10627964          3.37516700         -6.21807664
         -2.10941276          3.37493636         -6.23367533
         -2.11254579          3.37470457         -6.24929910
         -2.11567873          3.37447164         -6.26494748
         -2.11881159          3.37423755         -6.28062001
         -2.12194437          3.37400232         -6.29631621
         -2.12507705          3.37376592         -6.31203562
         -2.12820965          3.37352837         -6.32777777
         -2.13134216          3.37328964         -6.34354219
         -2.13447458          3.37304975         -6.35932841
         -2.13760691          3.37280867         -6.37513595
         -2.14073915          3.37256642         -6.39096433
         -2.14387129          3.37232298         -6.40681309
         -2.14700335          3.37207835         -6.42268175
         -2.15013531          3.37183252         -6.43856983
         -2.15326717          3.37158549         -6.45447685
         -2.15639894          3.37133726         -6.47040233
         -2.15953062          3.37108781         -6.48634579
         -2.16266219          3.37083715         -6.50230676
         -2.16579367          3.37058527         -6.51828474
         -2.16892505          3.37033216         -6.53427926
         -2.17205633          3.37007783         -6.55028982
         -2.17518751          3.36982225         -6.56631596
         -2.17831859          3.36956544         -6.58235717
         -2.18144957          3.36930738         -6.59841297
         -2.18458044          3.36904806         -6.61448288
         -2.18771121          3.36878749         -6.63056641
         -2.19084187          3.36852566         -6.64666306
         -2.19397243          3.36826255         -6.66277236
         -2.19710287          3.36799818         -6.67889379
         -2.20023321          3.36773252         -6.69502689
         -2.20336345          3.36746558         -6.71117114
         -2.20649357          3.36719735         -6.72732607
         -2.20962358          3.36692782         -6.74349118
         -2.21275347          3.36665699         -6.75966596
         -2.21588326          3.36638485         -6.77584993
         -2.21901292          3.36611139         -6.79204260
         -2.22214248          3.36583662         -6.80824346
         -2.22527191          3.36556052         -6.82445202
         -2.22840123          3.36528308         -6.84066778
         -2.23153043          3.36500431         -6.85689025
         -2.23465951          3.36472420         -6.87311892
         -2.23778847          3.36444273         -6.88935330
         -2.24091731          3.36415991         -6.90559289
         -2.24404602          3.36387572         -6.92183719
         -2.24717461          3.36359016         -6.93808569
         -2.25030307          3.36330323         -6.95433791
         -2.25343140          3.36301491         -6.97059332
         -2.25655961          3.36272521         -6.98685145
         -2.25968769          3.36243411         -7.00311177
         -2.26281563          3.36214160         -7.01937380
         -2.26594345          3.36184769         -7.03563703
         -2.26907113          3.36155236         -7.05190095
         -2.27219867          3.36125561         -7.06816507
         -2.27532608          3.36095742         -7.08442888
         -2.27845336          3.36065780         -7.10069187
         -2.28158049          3.36035674         -7.11695355
         -2.28470748          3.36005422         -7.13321341
         -2.28783433          3.35975025         -7.14947094
         -2.29096104          3.35944481         -7.16572564
         -2.29408761          3.35913790         -7.18197701
         -2.29721403          3.35882951         -7.19822454
         -2.30034030          3.35851962         -7.21446773
         -2.30346642          3.35820825         -7.23070608
         -2.30659240          3.35789537         -7.24693907
         -2.30971822          3.35758098         -7.26316620
         -2.31284389          3.35726507         -7.27938698
         -2.31596940          3.35694763         -7.29560089
         -2.31909476          3.35662867         -7.31180743
         -2.32221996          3.35630816         -7.32800609
         -2.32534500          3.35598609         -7.34419638
         -2.32846988          3.35566248         -7.36037778
         -2.33159460          3.35533729         -7.37654979
         -2.33471915          3.35501053         -7.39271191
         -2.33784354          3.35468219         -7.40886364
         -2.34096776          3.35435226         -7.42500446
         -2.34409181          3.35402072         -7.44113389
         -2.34721569          3.35368758         -7.45725140
         -2.35033940          3.35335282         -7.47335650
         -2.35346293          3.35301644         -7.48944869
         -2.35658628          3.35267842         -7.50552747
         -2.35970946          3.35233876         -7.52159233
         -2.36283246          3.35199745         -7.53764276
         -2.36595527          3.35165447         -7.55367827
         -2.36907790          3.35130983         -7.56969836
         -2.37220035          3.35096351         -7.58570253
         -2.37532261          3.35061549         -7.60169027
         -2.37844467          3.35026578         -7.61766109
         -2.38156655          3.34991437         -7.63361448
         -2.38468823          3.34956123         -7.64954994
         -2.38780972          3.34920637         -7.66546698
         -2.39093101          3.34884978         -7.68136511
         -2.39405210          3.34849143         -7.69724381
         -2.39717298          3.34813133         -7.71310259
         -2.40029367          3.34776947         -7.72894097
         -2.40341414          3.34740583         -7.74475843
         -2.40653441          3.34704040         -7.76055449
         -2.40965446          3.34667318         -7.77632866
         -2.41277431          3.34630415         -7.79208042
         -2.41589394          3.34593330         -7.80780931
         -2.41901335          3.34556063         -7.82351481
         -2.42213253          3.34518611         -7.83919644
         -2.42525150          3.34480975         -7.85485371
         -2.42837024          3.34443153         -7.87048613
         -2.43148876          3.34405144         -7.88609320
         -2.43460704          3.34366946         -7.90167444
         -2.43772510          3.34328559         -7.91722936
         -2.44084291          3.34289982         -7.93275747
         -2.44396049          3.34251213         -7.94825829
         -2.44707783          3.34212252         -7.96373133
         -2.45019493          3.34173096         -7.97917611
         -2.45331178          3.34133746         -7.99459214
         -2.45642838          3.34094199         -8.00997893
         -2.45954473          3.34054455         -8.02533602
         -2.46266083          3.34014512         -8.04066291
         -2.46577667          3.33974370         -8.05595912
         -2.46889225          3.33934026         -8.07122419
         -2.47200757          3.33893480         -8.08645762
         -2.47512262          3.33852730         -8.10165895
         -2.47823741          3.33811776         -8.11682770
         -2.48135192          3.33770616         -8.13196338
         -2.48446615          3.33729248         -8.14706554
         -2.48758011          3.33687671         -8.16213370
         -2.49069379          3.33645885         -8.17716738
         -2.49380719          3.33603887         -8.19216611
         -2.49692029          3.33561676         -8.20712944
         -2.50003311          3.33519252         -8.22205688
         -2.50314563          3.33476612         -8.23694798
         -2.50625785          3.33433755         -8.25180227
         -2.50936978          3.33390680         -8.26661928
         -2.51248139          3.33347386         -8.28139855
         -2.51559270          3.33303870         -8.29613963
         -2.51870370          3.33260133         -8.31084204
         -2.52181438          3.33216171         -8.32550534
         -2.52492474          3.33171984         -8.34012907
         -2.52803478          3.33127570         -8.35471277
         -2.53114450          3.33082928         -8.36925598
         -2.53425388          3.33038056         -8.38375826
         -2.53736293          3.32992953         -8.39821915
         -2.54047163          3.32947617         -8.41263820
         -2.54358000          3.32902047         -8.42701497
         -2.54668802          3.32856240         -8.44134901
         -2.54979569          3.32810196         -8.45563987
         -2.55290300          3.32763913         -8.46988711
         -2.55600995          3.32717389         -8.48409029
         -2.55911654          3.32670622         -8.49824896
         -2.56222276          3.32623612         -8.51236270
         -2.56532861          3.32576356         -8.52643105
         -2.56843408          3.32528852         -8.54045359
         -2.57153917          3.32481099         -8.55442989
         -2.57464387          3.32433096         -8.56835950
         -2.57774818          3.32384839         -8.58224200
         -2.58085209          3.32336329         -8.59607697
         -2.58395560          3.32287562         -8.60986397
         -2.58705871          3.32238538         -8.62360258
         -2.59016140          3.32189253         -8.63729237
         -2.59326368          3.32139707         -8.65093293
         -2.59636553          3.32089898         -8.66452384
         -2.59946696          3.32039823         -8.67806467
         -2.60256796          3.31989482         -8.69155501
         -2.60566852          3.31938871         -8.70499446
         -2.60876863          3.31887989         -8.71838259
         -2.61186830          3.31836834         -8.73171899
         -2.61496751          3.31785405         -8.74500326
         -2.61806626          3.31733698         -8.75823499
         -2.62116454          3.31681712         -8.77141379
         -2.62426235          3.31629446         -8.78453923
         -2.62735968          3.31576896         -8.79761093
         -2.63045652          3.31524062         -8.81062849
         -2.63355288          3.31470940         -8.82359151
         -2.63664874          3.31417528         -8.83649960
         -2.63974409          3.31363826         -8.84935236
         -2.64283893          3.31309829         -8.86214941
         -2.64593325          3.31255537         -8.87489035
         -2.64902705          3.31200947         -8.88757481
         -2.65212032          3.31146056         -8.90020240
         -2.65521305          3.31090862         -8.91277274
         -2.65830523          3.31035364         -8.92528545
         -2.66139686          3.30979559         -8.93774015
         -2.66448793          3.30923444         -8.95013647
         -2.66757843          3.30867017         -8.96247403
         -2.67066836          3.30810275         -8.97475248
         -2.67375770          3.30753217         -8.98697143
         -2.67684646          3.30695839         -8.99913053
         -2.67993461          3.30638140         -9.01122941
         -2.68302215          3.30580117         -9.02326771
         -2.68610908          3.30521766         -9.03524507
         -2.68919539          3.30463087         -9.04716115
         -2.69228106          3.30404075         -9.05901557
         -2.69536609          3.30344728         -9.07080800
         -2.69845046          3.30285045         -9.08253809
         -2.70153418          3.30225021         -9.09420548
         -2.70461723          3.30164655         -9.10580984
         -2.70769960          3.30103943         -9.11735083
         -2.71078129          3.30042883         -9.12882810
         -2.71386227          3.29981472         -9.14024132
         -2.71694255          3.29919707         -9.15159016
         -2.72002211          3.29857585         -9.16287429
         -2.72310094          3.29795103         -9.17409338
         -2.72617904          3.29732258         -9.18524709
         -2.72925638          3.29669048         -9.19633512
         -2.73233297          3.29605469         -9.20735714
         -2.73540878          3.29541518         -9.21831282
         -2.73848381          3.29477192         -9.22920187
         -2.74155805          3.29412488         -9.24002396
         -2.74463148          3.29347402         -9.25077878
         -2.74770410          3.29281932         -9.26146603
         -2.75077589          3.29216074         -9.27208540
         -2.75384683          3.29149825         -9.28263660
         -2.75691693          3.29083182         -9.29311932
         -2.75998615          3.29016140         -9.30353326
         -2.76305450          3.28948698         -9.31387814
         -2.76612195          3.28880850         -9.32415366
         -2.76918850          3.28812594         -9.33435954
         -2.77225413          3.28743926         -9.34449549
         -2.77531882          3.28674842         -9.35456123
         -2.77838257          3.28605339         -9.36455648
         -2.78144535          3.28535414         -9.37448097
         -2.78450716          3.28465061         -9.38433441
         -2.78756797          3.28394278         -9.39411655
         -2.79062778          3.28323060         -9.40382711
         -2.79368656          3.28251405         -9.41346583
         -2.79674430          3.28179306         -9.42303245
         -2.79980099          3.28106762         -9.43252670
         -2.80285660          3.28033767         -9.44194834
         -2.80591113          3.27960318         -9.45129711
         -2.80896455          3.27886409         -9.46057277
         -2.81201684          3.27812038         -9.46977505
         -2.81506799          3.27737200         -9.47890374
         -2.81811798          3.27661889         -9.48795857
         -2.82116679          3.27586103         -9.49693931
         -2.82421440          3.27509836         -9.50584574
         -2.82726080          3.27433084         -9.51467762
         -2.83030595          3.27355842         -9.52343472
         -2.83334985          3.27278105         -9.53211681
         -2.83639247          3.27199870         -9.54072368
         -2.83943378          3.27121130         -9.54925511
         -2.84247378          3.27041881         -9.55771087
         -2.84551243          3.26962118         -9.56609077
         -2.84854971          3.26881837         -9.57439458
         -2.85158561          3.26801031         -9.58262211
         -2.85462009          3.26719696         -9.59077315
         -2.85765313          3.26637826         -9.59884751
         -2.86068471          3.26555417         -9.60684498
         -2.86371480          3.26472462         -9.61476537
         -2.86674337          3.26388956         -9.62260850
         -2.86977041          3.26304894         -9.63037417
         -2.87279588          3.26220269         -9.63806221
         -2.87581976          3.26135077         -9.64567243
         -2.87884201          3.26049311         -9.65320467
         -2.88186262          3.25962965         -9.66065873
         -2.88488154          3.25876033         -9.66803447
         -2.88789875          3.25788509         -9.67533170
         -2.89091422          3.25700386         -9.68255028
         -2.89392791          3.25611660         -9.68969002
         -2.89693980          3.25522322         -9.69675079
         -2.89994985          3.25432366         -9.70373243
         -2.90295803          3.25341786         -9.71063479
         -2.90596430          3.25250575         -9.71745772
         -2.90896863          3.25158725         -9.72420108
         -2.91197097          3.25066231         -9.73086473
         -2.91497130          3.24973084         -9.73744854
         -2.91796957          3.24879278         -9.74395237
         -2.92096575          3.24784804         -9.75037610
         -2.92395979          3.24689656         -9.75671959
         -2.92695166          3.24593826         -9.76298273
         -2.92994130          3.24497306         -9.76916541
         -2.93292869          3.24400087         -9.77526749
         -2.93591377          3.24302163         -9.78128889
         -2.93889649          3.24203523         -9.78722947
         -2.94187681          3.24104162         -9.79308915
         -2.94485469          3.24004068         -9.79886782
         -2.94783006          3.23903234         -9.80456538
         -2.95080289          3.23801652         -9.81018175
         -2.95377311          3.23699310         -9.81571682
         -2.95674068          3.23596202         -9.82117052
         -2.95970554          3.23492316         -9.82654276
         -2.96266763          3.23387643         -9.83183346
         -2.96562689          3.23282174         -9.83704255
         -2.96858326          3.23175897         -9.84216995
         -2.97153668          3.23068804         -9.84721559
         -2.97448709          3.22960883         -9.85217942
         -2.97743442          3.22852124         -9.85706137
         -2.98037860          3.22742516         -9.86186138
         -2.98331956          3.22632046         -9.86657939
         -2.98625723          3.22520705         -9.87121537
         -2.98919154          3.22408479         -9.87576925
         -2.99212240          3.22295357         -9.88024100
         -2.99504974          3.22181327         -9.88463058
         -2.99797348          3.22066376         -9.88893795
         -3.00089352          3.21950491         -9.89316308
         -3.00380979          3.21833658         -9.89730594
         -3.00672219          3.21715864         -9.90136651
         -3.00963062          3.21597095         -9.90534476
         -3.01253500          3.21477336         -9.90924068
         -3.01543521          3.21356573         -9.91305426
         -3.01833115          3.21234790         -9.91678547
         -3.02122273          3.21111973         -9.92043433
         -3.02410981          3.20988103         -9.92400082
         -3.02699229          3.20863166         -9.92748494
         -3.02987004          3.20737144         -9.93088670
         -3.03274293          3.20610019         -9.93420611
         -3.03561084          3.20481774         -9.93744318
         -3.03847363          3.20352388         -9.94059792
         -3.04133115          3.20221844         -9.94367035
         -3.04418325          3.20090120         -9.94666050
         -3.04702978          3.19957197         -9.94956839
         -3.04987058          3.19823052         -9.95239406
         -3.05270546          3.19687663         -9.95513753
         -3.05553427          3.19551006         -9.95779884
         -3.05835679          3.19413059         -9.96037803
         -3.06117284          3.19273795         -9.96287516
         -3.06398222          3.19133188         -9.96529026
         -3.06678469          3.18991211         -9.96762339
         -3.06958003          3.18847835         -9.96987460
         -3.07236800          3.18703030         -9.97204396
         -3.07514833          3.18556765         -9.97413152
         -3.07792076          3.18409006         -9.97613735
         -3.08068498          3.18259719         -9.97806152
         -3.08344070          3.18108867         -9.97990411
         -3.08618757          3.17956410         -9.98166519
         -3.08892524          3.17802307         -9.98334484
         -3.09165333          3.17646515         -9.98494315
         -3.09437142          3.17488985         -9.98646020
         -3.09707908          3.17329667         -9.98789608
         -3.09977581          3.17168507         -9.98925090
         -3.10246108          3.17005446         -9.99052474
         -3.10513432          3.16840419         -9.99171771
         -3.10779489          3.16673356         -9.99282991
         -3.11044207          3.16504180         -9.99386146
         -3.11307506          3.16332805         -9.99481246
         -3.11569297          3.16159134         -9.99568303
         -3.11829476          3.15983058         -9.99647328
         -3.12087925          3.15804451         -9.99718335
         -3.12344503          3.15623168         -9.99781335
         -3.12599042          3.15439032         -9.99836341
         -3.12851336          3.15251832         -9.99883367
         -3.13101121          3.15061297         -9.99922426
         -3.13348046          3.14867070         -9.99953531
         -3.13591608          3.14668642         -9.99976698
         -3.13830995          3.14465198         -9.99991941
         -3.14064550          3.14255083         -9.99999274
