          1.35312360          2.71291139          0.14419476         -6.15102680
          1.35619989          2.71273664          0.14358199         -6.15191979
          1.35929381          2.71260590          0.14305265         -6.15287563
          1.36239988          2.71251091          0.14259129         -6.15389572
          1.36551450          2.71244525          0.14218575         -6.15498107
          1.36863521          2.71240390          0.14182646         -6.15613244
          1.37176032          2.71238290          0.14150582         -6.15735044
          1.37488868          2.71237911          0.14121777         -6.15863556
          1.37801945          2.71239001          0.14095740         -6.15998819
          1.38115202          2.71241356          0.14072073         -6.16140867
          1.38428597          2.71244809          0.14050449         -6.16289728
          1.38742098          2.71249224          0.14030598         -6.16445428
          1.39055679          2.71254485          0.14012295         -6.16607988
          1.39369324          2.71260499          0.13995350         -6.16777430
          1.39683017          2.71267184          0.13979603         -6.16953771
          1.39996748          2.71274473          0.13964918         -6.17137028
          1.40310509          2.71282307          0.13951179         -6.17327217
          1.40624293          2.71290638          0.13938285         -6.17524353
          1.40938095          2.71299421          0.13926150         -6.17728449
          1.41251910          2.71308620          0.13914699         -6.17939519
          1.41565737          2.71318203          0.13903865         -6.18157574
          1.41879570          2.71328140          0.13893590         -6.18382627
          1.42193410          2.71338407          0.13883825         -6.18614689
          1.42507253          2.71348983          0.13874524         -6.18853771
          1.42821099          2.71359847          0.13865646         -6.19099883
          1.43134946          2.71370983          0.13857158         -6.19353035
          1.43448794          2.71382374          0.13849026         -6.19613236
          1.43762640          2.71394008          0.13841222         -6.19880496
          1.44076486          2.71405871          0.13833721         -6.20154822
          1.44390330          2.71417954          0.13826500         -6.20436225
          1.44704171          2.71430245          0.13819538         -6.20724710
          1.45018010          2.71442736          0.13812817         -6.21020287
          1.45331846          2.71455418          0.13806318         -6.21322962
          1.45645679          2.71468284          0.13800027         -6.21632742
          1.45959508          2.71481328          0.13793929         -6.21949634
          1.46273333          2.71494543          0.13788011         -6.22273644
          1.46587155          2.71507924          0.13782262         -6.22604778
          1.46900972          2.71521465          0.13776671         -6.22943042
          1.47214786          2.71535161          0.13771227         -6.23288440
          1.47528595          2.71549009          0.13765921         -6.23640979
          1.47842399          2.71563004          0.13760746         -6.24000663
          1.48156200          2.71577142          0.13755692         -6.24367496
          1.48469995          2.71591421          0.13750754         -6.24741482
          1.48783787          2.71605836          0.13745923         -6.25122625
          1.49097573          2.71620386          0.13741194         -6.25510929
          1.49411355          2.71635067          0.13736561         -6.25906396
          1.49725132          2.71649877          0.13732019         -6.26309030
          1.50038904          2.71664814          0.13727562         -6.26718834
          1.50352672          2.71679874          0.13723186         -6.27135808
          1.50666435          2.71695058          0.13718887         -6.27559956
          1.50980193          2.71710361          0.13714660         -6.27991279
          1.51293945          2.71725784          0.13710502         -6.28429779
          1.51607693          2.71741323          0.13706408         -6.28875455
          1.51921437          2.71756978          0.13702377         -6.29328310
          1.52235175          2.71772747          0.13698403         -6.29788344
          1.52548908          2.71788629          0.13694486         -6.30255557
          1.52862636          2.71804622          0.13690621         -6.30729948
          1.53176359          2.71820725          0.13686806         -6.31211517
          1.53490077          2.71836938          0.13683038         -6.31700264
          1.53803790          2.71853259          0.13679316         -6.32196188
          1.54117498          2.71869687          0.13675637         -6.32699286
          1.54431201          2.71886221          0.13671998         -6.33209558
          1.54744898          2.71902861          0.13668399         -6.33727001
          1.55058591          2.71919605          0.13664837         -6.34251614
          1.55372278          2.71936453          0.13661310         -6.34783393
          1.55685960          2.71953405          0.13657816         -6.35322336
          1.55999637          2.71970458          0.13654355         -6.35868440
          1.56313309          2.71987614          0.13650924         -6.36421701
          1.56626975          2.72004870          0.13647522         -6.36982115
          1.56940637          2.72022228          0.13644148         -6.37549679
          1.57254293          2.72039685          0.13640800         -6.38124388
          1.57567943          2.72057242          0.13637478         -6.38706238
          1.57881589          2.72074898          0.13634179         -6.39295223
          1.58195229          2.72092653          0.13630903         -6.39891339
          1.58508863          2.72110506          0.13627649         -6.40494579
          1.58822493          2.72128457          0.13624415         -6.41104938
          1.59136117          2.72146505          0.13621201         -6.41722410
          1.59449735          2.72164651          0.13618006         -6.42346988
          1.59763348          2.72182893          0.13614829         -6.42978666
          1.60076956          2.72201232          0.13611668         -6.43617437
          1.60390558          2.72219668          0.13608524         -6.44263293
          1.60704155          2.72238199          0.13605396         -6.44916226
          1.61017746          2.72256826          0.13602282         -6.45576230
          1.61331331          2.72275549          0.13599181         -6.46243294
          1.61644911          2.72294366          0.13596094         -6.46917412
          1.61958486          2.72313279          0.13593020         -6.47598574
          1.62272054          2.72332287          0.13589957         -6.48286772
          1.62585618          2.72351390          0.13586906         -6.48981994
          1.62899175          2.72370587          0.13583865         -6.49684233
          1.63212727          2.72389879          0.13580834         -6.50393478
          1.63526273          2.72409265          0.13577813         -6.51109719
          1.63839813          2.72428745          0.13574801         -6.51832945
          1.64153347          2.72448319          0.13571798         -6.52563145
          1.64466876          2.72467987          0.13568802         -6.53300308
          1.64780399          2.72487749          0.13565814         -6.54044423
          1.65093916          2.72507605          0.13562833         -6.54795478
          1.65407427          2.72527555          0.13559858         -6.55553461
          1.65720932          2.72547598          0.13556890         -6.56318359
          1.66034432          2.72567735          0.13553927         -6.57090160
          1.66347925          2.72587965          0.13550970         -6.57868851
          1.66661412          2.72608289          0.13548017         -6.58654419
          1.66974893          2.72628707          0.13545069         -6.59446851
          1.67288368          2.72649218          0.13542126         -6.60246131
          1.67601838          2.72669822          0.13539186         -6.61052247
          1.67915300          2.72690520          0.13536250         -6.61865185
          1.68228757          2.72711312          0.13533317         -6.62684928
          1.68542208          2.72732197          0.13530386         -6.63511463
          1.68855652          2.72753175          0.13527459         -6.64344774
          1.69169090          2.72774248          0.13524533         -6.65184846
          1.69482522          2.72795413          0.13521609         -6.66031662
          1.69795948          2.72816673          0.13518687         -6.66885208
          1.70109367          2.72838026          0.13515767         -6.67745465
          1.70422780          2.72859473          0.13512847         -6.68612419
          1.70736186          2.72881013          0.13509928         -6.69486051
          1.71049586          2.72902648          0.13507010         -6.70366344
          1.71362979          2.72924376          0.13504092         -6.71253282
          1.71676366          2.72946199          0.13501174         -6.72146846
          1.71989746          2.72968115          0.13498256         -6.73047018
          1.72303120          2.72990126          0.13495337         -6.73953780
          1.72616487          2.73012231          0.13492418         -6.74867113
          1.72929847          2.73034430          0.13489497         -6.75786998
          1.73243201          2.73056724          0.13486576         -6.76713416
          1.73556548          2.73079112          0.13483653         -6.77646347
          1.73869888          2.73101595          0.13480729         -6.78585772
          1.74183221          2.73124173          0.13477803         -6.79531671
          1.74496547          2.73146846          0.13474875         -6.80484024
          1.74809867          2.73169614          0.13471945         -6.81442809
          1.75123179          2.73192477          0.13469012         -6.82408006
          1.75436485          2.73215435          0.13466077         -6.83379594
          1.75749783          2.73238489          0.13463139         -6.84357551
          1.76063075          2.73261639          0.13460199         -6.85341856
          1.76376359          2.73284884          0.13457255         -6.86332486
          1.76689636          2.73308225          0.13454308         -6.87329420
          1.77002906          2.73331663          0.13451357         -6.88332636
          1.77316169          2.73355196          0.13448403         -6.89342109
          1.77629424          2.73378826          0.13445445         -6.90357817
          1.77942672          2.73402553          0.13442484         -6.91379738
          1.78255913          2.73426376          0.13439518         -6.92407847
          1.78569146          2.73450296          0.13436547         -6.93442120
          1.78882372          2.73474314          0.13433573         -6.94482534
          1.79195590          2.73498428          0.13430593         -6.95529063
          1.79508800          2.73522641          0.13427609         -6.96581684
          1.79822004          2.73546951          0.13424620         -6.97640372
          1.80135199          2.73571359          0.13421627         -6.98705101
          1.80448387          2.73595865          0.13418627         -6.99775846
          1.80761566          2.73620469          0.13415623         -7.00852581
          1.81074738          2.73645172          0.13412613         -7.01935280
          1.81387903          2.73669974          0.13409597         -7.03023918
          1.81701059          2.73694874          0.13406576         -7.04118467
          1.82014207          2.73719874          0.13403549         -7.05218901
          1.82327348          2.73744973          0.13400515         -7.06325193
          1.82640480          2.73770172          0.13397476         -7.07437316
          1.82953604          2.73795471          0.13394430         -7.08555243
          1.83266720          2.73820870          0.13391378         -7.09678945
          1.83579828          2.73846370          0.13388319         -7.10808394
          1.83892927          2.73871970          0.13385253         -7.11943563
          1.84206018          2.73897671          0.13382181         -7.13084423
          1.84519101          2.73923473          0.13379102         -7.14230945
          1.84832175          2.73949377          0.13376015         -7.15383101
          1.85145241          2.73975382          0.13372921         -7.16540861
          1.85458299          2.74001490          0.13369820         -7.17704195
          1.85771347          2.74027699          0.13366712         -7.18873074
          1.86084387          2.74054011          0.13363596         -7.20047468
          1.86397418          2.74080426          0.13360472         -7.21227348
          1.86710441          2.74106944          0.13357340         -7.22412681
          1.87023454          2.74133565          0.13354200         -7.23603439
          1.87336459          2.74160290          0.13351052         -7.24799589
          1.87649455          2.74187119          0.13347896         -7.26001101
          1.87962441          2.74214052          0.13344732         -7.27207943
          1.88275419          2.74241090          0.13341559         -7.28420085
          1.88588387          2.74268232          0.13338377         -7.29637493
          1.88901346          2.74295480          0.13335187         -7.30860136
          1.89214296          2.74322833          0.13331988         -7.32087982
          1.89527237          2.74350292          0.13328780         -7.33320998
          1.89840168          2.74377857          0.13325563         -7.34559152
          1.90153089          2.74405528          0.13322337         -7.35802410
          1.90466001          2.74433306          0.13319101         -7.37050739
          1.90778904          2.74461192          0.13315856         -7.38304106
          1.91091797          2.74489185          0.13312601         -7.39562477
          1.91404680          2.74517285          0.13309337         -7.40825819
          1.91717553          2.74545494          0.13306063         -7.42094097
          1.92030416          2.74573811          0.13302779         -7.43367276
          1.92343269          2.74602237          0.13299485         -7.44645324
          1.92656112          2.74630772          0.13296181         -7.45928204
          1.92968945          2.74659417          0.13292867         -7.47215881
          1.93281768          2.74688172          0.13289542         -7.48508322
          1.93594581          2.74717037          0.13286206         -7.49805489
          1.93907383          2.74746013          0.13282861         -7.51107349
          1.94220175          2.74775099          0.13279504         -7.52413864
          1.94532956          2.74804298          0.13276136         -7.53724999
          1.94845727          2.74833607          0.13272758         -7.55040718
          1.95158487          2.74863030          0.13269368         -7.56360984
          1.95471237          2.74892564          0.13265967         -7.57685761
          1.95783975          2.74922212          0.13262555         -7.59015012
          1.96096703          2.74951973          0.13259132         -7.60348700
          1.96409420          2.74981848          0.13255696         -7.61686787
          1.96722125          2.75011837          0.13252249         -7.63029237
          1.97034820          2.75041941          0.13248791         -7.64376011
          1.97347503          2.75072160          0.13245320         -7.65727072
          1.97660175          2.75102494          0.13241837         -7.67082382
          1.97972835          2.75132944          0.13238342         -7.68441903
          1.98285485          2.75163511          0.13234835         -7.69805596
          1.98598122          2.75194194          0.13231315         -7.71173423
          1.98910748          2.75224995          0.13227783         -7.72545346
          1.99223362          2.75255913          0.13224238         -7.73921324
          1.99535964          2.75286949          0.13220680         -7.75301319
          1.99848554          2.75318104          0.13217109         -7.76685292
          2.00161133          2.75349377          0.13213526         -7.78073204
          2.00473699          2.75380771          0.13209929         -7.79465014
          2.00786253          2.75412284          0.13206318         -7.80860683
          2.01098794          2.75443917          0.13202694         -7.82260170
          2.01411323          2.75475672          0.13199057         -7.83663437
          2.01723840          2.75507547          0.13195406         -7.85070441
          2.02036344          2.75539545          0.13191741         -7.86481144
          2.02348835          2.75571665          0.13188062         -7.87895503
          2.02661314          2.75603908          0.13184369         -7.89313479
          2.02973779          2.75636274          0.13180662         -7.90735030
          2.03286232          2.75668764          0.13176940         -7.92160115
          2.03598671          2.75701378          0.13173204         -7.93588693
          2.03911098          2.75734117          0.13169454         -7.95020722
          2.04223510          2.75766982          0.13165688         -7.96456160
          2.04535910          2.75799972          0.13161908         -7.97894966
          2.04848296          2.75833089          0.13158112         -7.99337098
          2.05160668          2.75866333          0.13154301         -8.00782513
          2.05473026          2.75899704          0.13150475         -8.02231170
          2.05785371          2.75933203          0.13146634         -8.03683025
          2.06097701          2.75966831          0.13142777         -8.05138037
          2.06410018          2.76000588          0.13138904         -8.06596163
          2.06722320          2.76034475          0.13135015         -8.08057359
          2.07034607          2.76068491          0.13131111         -8.09521582
          2.07346881          2.76102639          0.13127190         -8.10988791
          2.07659139          2.76136918          0.13123252         -8.12458940
          2.07971383          2.76171329          0.13119298         -8.13931987
          2.08283612          2.76205873          0.13115328         -8.15407888
          2.08595827          2.76240549          0.13111341         -8.16886600
          2.08908026          2.76275360          0.13107337         -8.18368079
          2.09220210          2.76310304          0.13103315         -8.19852280
          2.09532378          2.76345384          0.13099277         -8.21339159
          2.09844531          2.76380599          0.13095221         -8.22828673
          2.10156668          2.76415951          0.13091148         -8.24320777
          2.10468790          2.76451439          0.13087057         -8.25815426
          2.10780896          2.76487064          0.13082948         -8.27312576
          2.11092985          2.76522828          0.13078821         -8.28812182
          2.11405059          2.76558730          0.13074675         -8.30314200
          2.11717116          2.76594771          0.13070512         -8.31818584
          2.12029157          2.76630953          0.13066330         -8.33325289
          2.12341181          2.76667275          0.13062129         -8.34834270
          2.12653189          2.76703738          0.13057909         -8.36345482
          2.12965179          2.76740343          0.13053671         -8.37858879
          2.13277153          2.76777091          0.13049413         -8.39374416
          2.13589109          2.76813982          0.13045136         -8.40892048
          2.13901048          2.76851017          0.13040839         -8.42411728
          2.14212970          2.76888197          0.13036522         -8.43933410
          2.14524874          2.76925522          0.13032186         -8.45457050
          2.14836760          2.76962993          0.13027830         -8.46982600
          2.15148628          2.77000611          0.13023453         -8.48510014
          2.15460478          2.77038376          0.13019056         -8.50039248
          2.15772310          2.77076290          0.13014638         -8.51570253
          2.16084124          2.77114352          0.13010200         -8.53102984
          2.16395918          2.77152564          0.13005740         -8.54637394
          2.16707694          2.77190927          0.13001260         -8.56173437
          2.17019451          2.77229441          0.12996758         -8.57711066
          2.17331189          2.77268106          0.12992234         -8.59250234
          2.17642908          2.77306924          0.12987689         -8.60790894
          2.17954607          2.77345896          0.12983122         -8.62333001
          2.18266287          2.77385022          0.12978533         -8.63876505
          2.18577947          2.77424303          0.12973921         -8.65421362
          2.18889586          2.77463739          0.12969287         -8.66967522
          2.19201206          2.77503332          0.12964630         -8.68514940
          2.19512805          2.77543083          0.12959950         -8.70063569
          2.19824384          2.77582992          0.12955247         -8.71613359
          2.20135942          2.77623059          0.12950521         -8.73164265
          2.20447478          2.77663287          0.12945771         -8.74716239
          2.20758994          2.77703675          0.12940997         -8.76269234
          2.21070489          2.77744224          0.12936199         -8.77823201
          2.21381961          2.77784936          0.12931377         -8.79378093
          2.21693413          2.77825811          0.12926531         -8.80933863
          2.22004842          2.77866850          0.12921660         -8.82490462
          2.22316249          2.77908054          0.12916764         -8.84047844
          2.22627633          2.77949424          0.12911843         -8.85605959
          2.22938995          2.77990960          0.12906896         -8.87164761
          2.23250335          2.78032664          0.12901924         -8.88724201
          2.23561651          2.78074536          0.12896926         -8.90284232
          2.23872944          2.78116578          0.12891903         -8.91844805
          2.24184213          2.78158790          0.12886852         -8.93405873
          2.24495459          2.78201173          0.12881776         -8.94967387
          2.24806681          2.78243728          0.12876672         -8.96529299
          2.25117879          2.78286456          0.12871542         -8.98091561
          2.25429052          2.78329358          0.12866384         -8.99654125
          2.25740201          2.78372435          0.12861199         -9.01216942
          2.26051324          2.78415688          0.12855986         -9.02779966
          2.26362423          2.78459118          0.12850745         -9.04343146
          2.26673497          2.78502726          0.12845475         -9.05906435
          2.26984544          2.78546513          0.12840177         -9.07469786
          2.27295566          2.78590479          0.12834851         -9.09033148
          2.27606562          2.78634626          0.12829495         -9.10596475
          2.27917531          2.78678955          0.12824110         -9.12159717
          2.28228474          2.78723468          0.12818695         -9.13722827
          2.28539390          2.78768164          0.12813250         -9.15285756
          2.28850279          2.78813045          0.12807775         -9.16848455
          2.29161140          2.78858111          0.12802269         -9.18410877
          2.29471973          2.78903366          0.12796733         -9.19972973
          2.29782779          2.78948808          0.12791166         -9.21534695
          2.30093556          2.78994439          0.12785567         -9.23095994
          2.30404305          2.79040261          0.12779936         -9.24656821
          2.30715024          2.79086274          0.12774274         -9.26217130
          2.31025715          2.79132480          0.12768579         -9.27776870
          2.31336376          2.79178879          0.12762852         -9.29335995
          2.31647008          2.79225474          0.12757092         -9.30894455
          2.31957609          2.79272264          0.12751298         -9.32452203
          2.32268180          2.79319251          0.12745471         -9.34009189
          2.32578720          2.79366437          0.12739611         -9.35565366
          2.32889229          2.79413821          0.12733716         -9.37120686
          2.33199707          2.79461407          0.12727786         -9.38675100
          2.33510153          2.79509194          0.12721822         -9.40228560
          2.33820567          2.79557185          0.12715822         -9.41781018
          2.34130949          2.79605379          0.12709787         -9.43332426
          2.34441299          2.79653779          0.12703716         -9.44882736
          2.34751615          2.79702386          0.12697609         -9.46431899
          2.35061898          2.79751200          0.12691465         -9.47979868
          2.35372147          2.79800224          0.12685284         -9.49526594
          2.35682362          2.79849458          0.12679066         -9.51072030
          2.35992542          2.79898904          0.12672810         -9.52616128
          2.36302688          2.79948563          0.12666516         -9.54158840
          2.36612799          2.79998436          0.12660184         -9.55700118
          2.36922874          2.80048525          0.12653813         -9.57239914
          2.37232913          2.80098831          0.12647402         -9.58778180
          2.37542916          2.80149356          0.12640952         -9.60314870
          2.37852882          2.80200100          0.12634462         -9.61849935
          2.38162811          2.80251065          0.12627932         -9.63383328
          2.38472702          2.80302252          0.12621361         -9.64915000
          2.38782556          2.80353663          0.12614748         -9.66444906
          2.39092371          2.80405300          0.12608094         -9.67972998
          2.39402147          2.80457163          0.12601398         -9.69499227
          2.39711884          2.80509255          0.12594659         -9.71023548
          2.40021582          2.80561576          0.12587877         -9.72545912
          2.40331239          2.80614127          0.12581052         -9.74066273
          2.40640856          2.80666912          0.12574184         -9.75584584
          2.40950432          2.80719930          0.12567270         -9.77100798
          2.41259967          2.80773184          0.12560313         -9.78614867
          2.41569460          2.80826675          0.12553310         -9.80126746
          2.41878910          2.80880404          0.12546261         -9.81636388
          2.42188318          2.80934373          0.12539166         -9.83143745
          2.42497682          2.80988584          0.12532025         -9.84648772
          2.42807002          2.81043038          0.12524836         -9.86151422
          2.43116278          2.81097737          0.12517600         -9.87651649
          2.43425510          2.81152683          0.12510315         -9.89149407
          2.43734696          2.81207876          0.12502983         -9.90644649
          2.44043836          2.81263319          0.12495601         -9.92137329
          2.44352930          2.81319013          0.12488169         -9.93627402
          2.44661976          2.81374960          0.12480687         -9.95114821
          2.44970976          2.81431162          0.12473154         -9.96599542
          2.45279927          2.81487620          0.12465571         -9.98081517
          2.45588830          2.81544336          0.12457935         -9.99560703
          2.45897684          2.81601312          0.12450247        -10.01037053
          2.46206488          2.81658550          0.12442506        -10.02510523
          2.46515242          2.81716050          0.12434712        -10.03981067
          2.46823945          2.81773816          0.12426863        -10.05448640
          2.47132597          2.81831849          0.12418960        -10.06913197
          2.47441196          2.81890150          0.12411002        -10.08374694
          2.47749743          2.81948722          0.12402988        -10.09833085
          2.48058237          2.82007566          0.12394917        -10.11288327
          2.48366676          2.82066684          0.12386789        -10.12740375
          2.48675061          2.82126079          0.12378604        -10.14189184
          2.48983391          2.82185751          0.12370360        -10.15634712
          2.49291665          2.82245703          0.12362057        -10.17076912
          2.49599883          2.82305938          0.12353694        -10.18515743
          2.49908043          2.82366456          0.12345271        -10.19951160
          2.50216145          2.82427260          0.12336787        -10.21383119
          2.50524188          2.82488351          0.12328242        -10.22811578
          2.50832173          2.82549733          0.12319634        -10.24236492
          2.51140097          2.82611406          0.12310962        -10.25657820
          2.51447960          2.82673374          0.12302228        -10.27075517
          2.51755762          2.82735637          0.12293428        -10.28489541
          2.52063501          2.82798199          0.12284563        -10.29899850
          2.52371177          2.82861061          0.12275632        -10.31306401
          2.52678790          2.82924225          0.12266635        -10.32709152
          2.52986337          2.82987693          0.12257570        -10.34108060
          2.53293820          2.83051469          0.12248436        -10.35503085
          2.53601235          2.83115553          0.12239234        -10.36894182
          2.53908584          2.83179949          0.12229961        -10.38281313
          2.54215865          2.83244658          0.12220618        -10.39664433
          2.54523077          2.83309682          0.12211203        -10.41043504
          2.54830219          2.83375025          0.12201716        -10.42418483
          2.55137291          2.83440688          0.12192156        -10.43789329
          2.55444291          2.83506673          0.12182521        -10.45156002
          2.55751219          2.83572984          0.12172812        -10.46518461
          2.56058074          2.83639622          0.12163026        -10.47876666
          2.56364854          2.83706590          0.12153164        -10.49230577
          2.56671559          2.83773890          0.12143224        -10.50580154
          2.56978187          2.83841525          0.12133205        -10.51925356
          2.57284739          2.83909497          0.12123107        -10.53266145
          2.57591212          2.83977809          0.12112929        -10.54602480
          2.57897607          2.84046463          0.12102668        -10.55934324
          2.58203920          2.84115462          0.12092326        -10.57261636
          2.58510153          2.84184809          0.12081899        -10.58584378
          2.58816303          2.84254505          0.12071388        -10.59902512
          2.59122370          2.84324554          0.12060792        -10.61215999
          2.59428352          2.84394959          0.12050109        -10.62524801
          2.59734249          2.84465722          0.12039338        -10.63828879
          2.60040058          2.84536845          0.12028479        -10.65128197
          2.60345780          2.84608332          0.12017529        -10.66422717
          2.60651413          2.84680186          0.12006489        -10.67712401
          2.60956955          2.84752409          0.11995356        -10.68997213
          2.61262405          2.84825004          0.11984130        -10.70277116
          2.61567763          2.84897973          0.11972810        -10.71552072
          2.61873026          2.84971321          0.11961393        -10.72822046
          2.62178195          2.85045049          0.11949880        -10.74087002
          2.62483266          2.85119161          0.11938269        -10.75346904
          2.62788240          2.85193660          0.11926558        -10.76601715
          2.63093114          2.85268548          0.11914747        -10.77851401
          2.63397887          2.85343830          0.11902834        -10.79095926
          2.63702559          2.85419507          0.11890817        -10.80335256
          2.64007126          2.85495583          0.11878696        -10.81569356
          2.64311589          2.85572062          0.11866468        -10.82798191
          2.64615945          2.85648946          0.11854134        -10.84021727
          2.64920194          2.85726238          0.11841690        -10.85239930
          2.65224333          2.85803942          0.11829137        -10.86452767
          2.65528361          2.85882062          0.11816471        -10.87660205
          2.65832276          2.85960600          0.11803693        -10.88862209
          2.66136077          2.86039560          0.11790799        -10.90058747
          2.66439762          2.86118945          0.11777790        -10.91249786
          2.66743330          2.86198759          0.11764663        -10.92435295
          2.67046779          2.86279006          0.11751416        -10.93615240
          2.67350107          2.86359688          0.11738049        -10.94789591
          2.67653312          2.86440809          0.11724558        -10.95958316
          2.67956393          2.86522373          0.11710944        -10.97121382
          2.68259347          2.86604384          0.11697203        -10.98278760
          2.68562174          2.86686844          0.11683335        -10.99430419
          2.68864871          2.86769759          0.11669338        -11.00576328
          2.69167435          2.86853131          0.11655209        -11.01716456
          2.69469867          2.86936965          0.11640947        -11.02850775
          2.69772162          2.87021264          0.11626550        -11.03979255
          2.70074319          2.87106032          0.11612016        -11.05101866
          2.70376337          2.87191273          0.11597344        -11.06218579
          2.70678213          2.87276991          0.11582531        -11.07329366
          2.70979945          2.87363190          0.11567575        -11.08434198
          2.71281531          2.87449874          0.11552474        -11.09533048
          2.71582968          2.87537047          0.11537227        -11.10625886
          2.71884254          2.87624713          0.11521831        -11.11712687
          2.72185388          2.87712877          0.11506284        -11.12793422
          2.72486366          2.87801542          0.11490583        -11.13868066
          2.72787187          2.87890714          0.11474728        -11.14936591
          2.73087848          2.87980395          0.11458714        -11.15998970
          2.73388346          2.88070591          0.11442541        -11.17055180
          2.73688679          2.88161307          0.11426205        -11.18105192
          2.73988844          2.88252545          0.11409704        -11.19148983
          2.74288840          2.88344312          0.11393037        -11.20186528
          2.74588662          2.88436611          0.11376199        -11.21217801
          2.74888309          2.88529447          0.11359190        -11.22242779
          2.75187777          2.88622825          0.11342006        -11.23261438
          2.75487064          2.88716749          0.11324644        -11.24273753
          2.75786167          2.88811225          0.11307102        -11.25279702
          2.76085084          2.88906257          0.11289378        -11.26279262
          2.76383810          2.89001849          0.11271468        -11.27272410
          2.76682343          2.89098008          0.11253369        -11.28259124
          2.76980680          2.89194737          0.11235080        -11.29239382
          2.77278818          2.89292042          0.11216596        -11.30213163
          2.77576753          2.89389928          0.11197914        -11.31180445
          2.77874482          2.89488400          0.11179033        -11.32141207
          2.78172002          2.89587464          0.11159948        -11.33095429
          2.78469310          2.89687123          0.11140656        -11.34043090
          2.78766402          2.89787385          0.11121155        -11.34984172
          2.79063273          2.89888254          0.11101440        -11.35918654
          2.79359922          2.89989735          0.11081509        -11.36846518
          2.79656343          2.90091834          0.11061357        -11.37767745
          2.79952534          2.90194557          0.11040982        -11.38682316
          2.80248490          2.90297909          0.11020380        -11.39590214
          2.80544207          2.90401897          0.10999547        -11.40491421
          2.80839682          2.90506524          0.10978479        -11.41385919
          2.81134910          2.90611798          0.10957173        -11.42273693
          2.81429886          2.90717724          0.10935625        -11.43154725
          2.81724608          2.90824309          0.10913830        -11.44029001
          2.82019070          2.90931557          0.10891785        -11.44896503
          2.82313268          2.91039476          0.10869485        -11.45757216
          2.82607197          2.91148070          0.10846926        -11.46611127
          2.82900853          2.91257348          0.10824104        -11.47458220
          2.83194230          2.91367313          0.10801015        -11.48298482
          2.83487325          2.91477974          0.10777653        -11.49131898
          2.83780132          2.91589336          0.10754015        -11.49958456
          2.84072645          2.91701406          0.10730095        -11.50778142
          2.84364861          2.91814190          0.10705889        -11.51590944
          2.84656773          2.91927694          0.10681391        -11.52396851
          2.84948376          2.92041926          0.10656598        -11.53195850
          2.85239665          2.92156892          0.10631502        -11.53987931
          2.85530633          2.92272599          0.10606100        -11.54773082
          2.85821276          2.92389054          0.10580386        -11.55551293
          2.86111587          2.92506263          0.10554354        -11.56322555
          2.86401560          2.92624233          0.10527999        -11.57086858
          2.86691189          2.92742973          0.10501315        -11.57844192
          2.86980468          2.92862487          0.10474296        -11.58594549
          2.87269390          2.92982785          0.10446936        -11.59337922
          2.87557949          2.93103873          0.10419229        -11.60074301
          2.87846137          2.93225758          0.10391168        -11.60803681
          2.88133949          2.93348448          0.10362748        -11.61526053
          2.88421376          2.93471950          0.10333960        -11.62241412
          2.88708412          2.93596272          0.10304800        -11.62949751
          2.88995050          2.93721421          0.10275259        -11.63651066
          2.89281281          2.93847405          0.10245331        -11.64345350
          2.89567099          2.93974232          0.10215009        -11.65032600
          2.89852494          2.94101909          0.10184284        -11.65712811
          2.90137459          2.94230445          0.10153150        -11.66385980
          2.90421987          2.94359847          0.10121599        -11.67052103
          2.90706067          2.94490123          0.10089622        -11.67711178
          2.90989692          2.94621281          0.10057212        -11.68363202
          2.91272853          2.94753329          0.10024359        -11.69008173
          2.91555540          2.94886276          0.09991057        -11.69646091
          2.91837744          2.95020130          0.09957295        -11.70276954
          2.92119456          2.95154899          0.09923064        -11.70900762
          2.92400666          2.95290591          0.09888356        -11.71517515
          2.92681364          2.95427215          0.09853161        -11.72127214
          2.92961540          2.95564779          0.09817470        -11.72729860
          2.93241182          2.95703292          0.09781272        -11.73325455
          2.93520281          2.95842762          0.09744557        -11.73914000
          2.93798825          2.95983198          0.09707315        -11.74495498
          2.94076803          2.96124608          0.09669534        -11.75069953
          2.94354204          2.96267002          0.09631205        -11.75637368
          2.94631015          2.96410387          0.09592315        -11.76197747
          2.94907224          2.96554773          0.09552854        -11.76751095
          2.95182819          2.96700168          0.09512808        -11.77297417
          2.95457787          2.96846582          0.09472167        -11.77836718
          2.95732115          2.96994022          0.09430917        -11.78369006
          2.96005789          2.97142499          0.09389046        -11.78894286
          2.96278796          2.97292020          0.09346540        -11.79412567
          2.96551121          2.97442595          0.09303386        -11.79923855
          2.96822750          2.97594232          0.09259570        -11.80428159
          2.97093668          2.97746940          0.09215078        -11.80925489
          2.97363860          2.97900729          0.09169895        -11.81415852
          2.97633310          2.98055607          0.09124005        -11.81899261
          2.97902001          2.98211582          0.09077395        -11.82375724
          2.98169918          2.98368664          0.09030046        -11.82845254
          2.98437043          2.98526861          0.08981944        -11.83307862
          2.98703359          2.98686183          0.08933071        -11.83763559
          2.98968848          2.98846636          0.08883410        -11.84212360
          2.99233492          2.99008231          0.08832943        -11.84654276
          2.99497271          2.99170975          0.08781652        -11.85089323
          2.99760167          2.99334878          0.08729518        -11.85517514
          3.00022159          2.99499946          0.08676522        -11.85938864
          3.00283227          2.99666189          0.08622644        -11.86353390
          3.00543351          2.99833613          0.08567864        -11.86761108
          3.00802507          3.00002228          0.08512160        -11.87162034
          3.01060675          3.00172040          0.08455510        -11.87556185
          3.01317831          3.00343058          0.08397893        -11.87943580
          3.01573953          3.00515288          0.08339286        -11.88324238
          3.01829015          3.00688737          0.08279664        -11.88698177
          3.02082993          3.00863412          0.08219005        -11.89065417
          3.02335863          3.01039319          0.08157281        -11.89425979
          3.02587596          3.01216465          0.08094469        -11.89779883
          3.02838168          3.01394856          0.08030540        -11.90127152
          3.03087549          3.01574497          0.07965469        -11.90467808
          3.03335712          3.01755392          0.07899226        -11.90801872
          3.03582627          3.01937547          0.07831783        -11.91129370
          3.03828264          3.02120966          0.07763110        -11.91450324
          3.04072592          3.02305652          0.07693175        -11.91764761
          3.04315580          3.02491608          0.07621948        -11.92072704
          3.04557194          3.02678838          0.07549396        -11.92374180
          3.04797400          3.02867342          0.07475484        -11.92669215
          3.05036165          3.03057122          0.07400178        -11.92957837
          3.05273452          3.03248179          0.07323443        -11.93240074
          3.05509224          3.03440512          0.07245241        -11.93515954
          3.05743444          3.03634120          0.07165534        -11.93785505
          3.05976072          3.03829000          0.07084283        -11.94048759
          3.06207069          3.04025150          0.07001448        -11.94305745
          3.06436393          3.04222566          0.06916986        -11.94556495
          3.06664001          3.04421241          0.06830855        -11.94801039
          3.06889850          3.04621170          0.06743011        -11.95039410
          3.07113895          3.04822344          0.06653407        -11.95271642
          3.07336089          3.05024755          0.06561996        -11.95497767
          3.07556384          3.05228390          0.06468730        -11.95717820
          3.07774732          3.05433239          0.06373558        -11.95931836
          3.07991081          3.05639285          0.06276430        -11.96139850
          3.08205379          3.05846514          0.06177290        -11.96341897
          3.08417572          3.06054906          0.06076085        -11.96538016
          3.08627606          3.06264442          0.05972758        -11.96728242
          3.08835423          3.06475099          0.05867250        -11.96912613
          3.09040965          3.06686851          0.05759501        -11.97091169
          3.09244170          3.06899670          0.05649448        -11.97263947
          3.09444978          3.07113525          0.05537028        -11.97430988
          3.09643323          3.07328383          0.05422174        -11.97592330
          3.09839141          3.07544205          0.05304820        -11.97748016
          3.10032363          3.07760952          0.05184893        -11.97898085
          3.10222919          3.07978578          0.05062324        -11.98042580
          3.10410738          3.08197034          0.04937036        -11.98181542
          3.10595746          3.08416267          0.04808954        -11.98315013
          3.10777866          3.08636218          0.04677998        -11.98443036
          3.10957022          3.08856826          0.04544089        -11.98565655
          3.11133131          3.09078020          0.04407141        -11.98682912
          3.11306113          3.09299726          0.04267071        -11.98794851
          3.11475881          3.09521864          0.04123788        -11.98901517
          3.11642349          3.09744344          0.03977204        -11.99002953
          3.11805425          3.09967072          0.03827223        -11.99099203
          3.11965019          3.10189945          0.03673751        -11.99190311
          3.12121035          3.10412849          0.03516688        -11.99276322
          3.12273375          3.10635664          0.03355934        -11.99357279
          3.12421937          3.10858258          0.03191383        -11.99433226
          3.12566619          3.11080488          0.03022927        -11.99504208
          3.12707312          3.11302198          0.02850456        -11.99570265
          3.12843906          3.11523218          0.02673855        -11.99631442
          3.12976285          3.11743366          0.02493004        -11.99687781
          3.13104329          3.11962438          0.02307779        -11.99739321
          3.13227912          3.12180215          0.02118052        -11.99786103
          3.13346901          3.12396453          0.01923684        -11.99828165
          3.13461153          3.12610883          0.01724531        -11.99865546
          3.13570516          3.12823204          0.01520434        -11.99898281
          3.13674818          3.13033076          0.01311218        -11.99926403
          3.13773866          3.13240106          0.01096686        -11.99949945
          3.13867429          3.13443833          0.00876601        -11.99968934
          3.13955212          3.13643687          0.00650663        -11.99983398
          3.14036804          3.13838917          0.00418447        -11.99993358
          3.14111502          3.14028370          0.00179232        -11.99998831
