         -3.40308314          1.30587057         -4.00003350
         -3.40339079          1.30274408         -4.00013519
         -3.40338858          1.29960248         -4.00030489
         -3.40338546          1.29646089         -4.00054239
         -3.40338140          1.29331930         -4.00084751
         -3.40337638          1.29017771         -4.00122005
         -3.40337039          1.28703613         -4.00165981
         -3.40336345          1.28389454         -4.00216658
         -3.40335553          1.28075296         -4.00274015
         -3.40334664          1.27761138         -4.00338033
         -3.40333677          1.27446980         -4.00408690
         -3.40332592          1.27132823         -4.00485965
         -3.40331409          1.26818666         -4.00569835
         -3.40330128          1.26504509         -4.00660281
         -3.40328748          1.26190353         -4.00757278
         -3.40327269          1.25876197         -4.00860805
         -3.40325690          1.25562042         -4.00970840
         -3.40324012          1.25247887         -4.01087359
         -3.40322233          1.24933733         -4.01210340
         -3.40320354          1.24619579         -4.01339759
         -3.40318375          1.24305426         -4.01475593
         -3.40316294          1.23991274         -4.01617817
         -3.40314112          1.23677122         -4.01766409
         -3.40311828          1.23362971         -4.01921343
         -3.40309442          1.23048821         -4.02082596
         -3.40306954          1.22734672         -4.02250142
         -3.40304363          1.22420523         -4.02423956
         -3.40301669          1.22106375         -4.02604013
         -3.40298871          1.21792228         -4.02790289
         -3.40295969          1.21478083         -4.02982756
         -3.40292964          1.21163938         -4.03181390
         -3.40289853          1.20849794         -4.03386164
         -3.40286638          1.20535651         -4.03597052
         -3.40283318          1.20221509         -4.03814026
         -3.40279891          1.19907369         -4.04037061
         -3.40276359          1.19593229         -4.04266130
         -3.40272720          1.19279091         -4.04501204
         -3.40268974          1.18964954         -4.04742257
         -3.40265121          1.18650819         -4.04989261
         -3.40261160          1.18336684         -4.05242188
         -3.40257091          1.18022551         -4.05501010
         -3.40252914          1.17708420         -4.05765698
         -3.40248628          1.17394290         -4.06036224
         -3.40244232          1.17080161         -4.06312559
         -3.40239727          1.16766034         -4.06594674
         -3.40235111          1.16451909         -4.06882540
         -3.40230385          1.16137785         -4.07176127
         -3.40225548          1.15823663         -4.07475406
         -3.40220599          1.15509543         -4.07780348
         -3.40215538          1.15195424         -4.08090921
         -3.40210365          1.14881308         -4.08407096
         -3.40205078          1.14567193         -4.08728842
         -3.40199679          1.14253080         -4.09056129
         -3.40194166          1.13938969         -4.09388926
         -3.40188538          1.13624860         -4.09727201
         -3.40182796          1.13310754         -4.10070924
         -3.40176938          1.12996649         -4.10420063
         -3.40170965          1.12682547         -4.10774587
         -3.40164875          1.12368446         -4.11134463
         -3.40158669          1.12054348         -4.11499659
         -3.40152345          1.11740253         -4.11870145
         -3.40145904          1.11426159         -4.12245886
         -3.40139344          1.11112069         -4.12626850
         -3.40132666          1.10797980         -4.13013006
         -3.40125868          1.10483895         -4.13404319
         -3.40118950          1.10169812         -4.13800757
         -3.40111912          1.09855731         -4.14202286
         -3.40104754          1.09541654         -4.14608873
         -3.40097473          1.09227579         -4.15020484
         -3.40090071          1.08913507         -4.15437086
         -3.40082546          1.08599437         -4.15858644
         -3.40074898          1.08285371         -4.16285124
         -3.40067126          1.07971308         -4.16716492
         -3.40059230          1.07657248         -4.17152714
         -3.40051209          1.07343191         -4.17593754
         -3.40043063          1.07029138         -4.18039578
         -3.40034791          1.06715087         -4.18490151
         -3.40026392          1.06401040         -4.18945437
         -3.40017865          1.06086997         -4.19405402
         -3.40009211          1.05772957         -4.19870010
         -3.40000429          1.05458920         -4.20339225
         -3.39991517          1.05144887         -4.20813012
         -3.39982475          1.04830858         -4.21291334
         -3.39973304          1.04516833         -4.21774155
         -3.39964001          1.04202811         -4.22261440
         -3.39954566          1.03888794         -4.22753151
         -3.39945000          1.03574780         -4.23249253
         -3.39935300          1.03260771         -4.23749708
         -3.39925466          1.02946765         -4.24254480
         -3.39915499          1.02632764         -4.24763531
         -3.39905396          1.02318768         -4.25276826
         -3.39895157          1.02004775         -4.25794325
         -3.39884782          1.01690787         -4.26315993
         -3.39874271          1.01376804         -4.26841791
         -3.39863621          1.01062825         -4.27371682
         -3.39852833          1.00748851         -4.27905628
         -3.39841905          1.00434882         -4.28443591
         -3.39830837          1.00120918         -4.28985533
         -3.39819629          0.99806959         -4.29531416
         -3.39808280          0.99493004         -4.30081202
         -3.39796788          0.99179055         -4.30634852
         -3.39785153          0.98865112         -4.31192328
         -3.39773374          0.98551173         -4.31753592
         -3.39761451          0.98237240         -4.32318603
         -3.39749382          0.97923313         -4.32887324
         -3.39737168          0.97609391         -4.33459716
         -3.39724806          0.97295475         -4.34035739
         -3.39712297          0.96981565         -4.34615354
         -3.39699639          0.96667661         -4.35198523
         -3.39686832          0.96353763         -4.35785205
         -3.39673875          0.96039871         -4.36375361
         -3.39660766          0.95725985         -4.36968951
         -3.39647506          0.95412106         -4.37565936
         -3.39634093          0.95098233         -4.38166276
         -3.39620526          0.94784367         -4.38769932
         -3.39606805          0.94470508         -4.39376862
         -3.39592929          0.94156655         -4.39987027
         -3.39578896          0.93842809         -4.40600387
         -3.39564706          0.93528971         -4.41216902
         -3.39550358          0.93215139         -4.41836531
         -3.39535851          0.92901315         -4.42459234
         -3.39521184          0.92587498         -4.43084970
         -3.39506357          0.92273689         -4.43713699
         -3.39491367          0.91959888         -4.44345380
         -3.39476215          0.91646094         -4.44979972
         -3.39460899          0.91332308         -4.45617435
         -3.39445418          0.91018531         -4.46257727
         -3.39429771          0.90704761         -4.46900808
         -3.39413958          0.90391000         -4.47546637
         -3.39397977          0.90077248         -4.48195173
         -3.39381827          0.89763504         -4.48846374
         -3.39365508          0.89449769         -4.49500199
         -3.39349018          0.89136043         -4.50156607
         -3.39332356          0.88822325         -4.50815557
         -3.39315521          0.88508618         -4.51477008
         -3.39298512          0.88194919         -4.52140917
         -3.39281328          0.87881230         -4.52807244
         -3.39263968          0.87567551         -4.53475946
         -3.39246430          0.87253882         -4.54146983
         -3.39228715          0.86940222         -4.54820313
         -3.39210819          0.86626573         -4.55495894
         -3.39192744          0.86312934         -4.56173684
         -3.39174486          0.85999306         -4.56853642
         -3.39156046          0.85685688         -4.57535725
         -3.39137421          0.85372082         -4.58219893
         -3.39118611          0.85058486         -4.58906103
         -3.39099615          0.84744901         -4.59594313
         -3.39080431          0.84431329         -4.60284482
         -3.39061058          0.84117767         -4.60976567
         -3.39041495          0.83804218         -4.61670527
         -3.39021740          0.83490680         -4.62366319
         -3.39001793          0.83177155         -4.63063902
         -3.38981652          0.82863642         -4.63763234
         -3.38961316          0.82550141         -4.64464272
         -3.38940784          0.82236654         -4.65166975
         -3.38920053          0.81923179         -4.65871300
         -3.38899124          0.81609718         -4.66577206
         -3.38877994          0.81296270         -4.67284650
         -3.38856662          0.80982836         -4.67993590
         -3.38835127          0.80669415         -4.68703985
         -3.38813388          0.80356009         -4.69415791
         -3.38791442          0.80042617         -4.70128968
         -3.38769290          0.79729240         -4.70843473
         -3.38746928          0.79415878         -4.71559264
         -3.38724356          0.79102530         -4.72276299
         -3.38701573          0.78789198         -4.72994536
         -3.38678577          0.78475882         -4.73713932
         -3.38655366          0.78162581         -4.74434446
         -3.38631939          0.77849297         -4.75156037
         -3.38608294          0.77536028         -4.75878661
         -3.38584430          0.77222777         -4.76602276
         -3.38560346          0.76909542         -4.77326842
         -3.38536039          0.76596325         -4.78052316
         -3.38511509          0.76283124         -4.78778656
         -3.38486753          0.75969942         -4.79505821
         -3.38461770          0.75656778         -4.80233767
         -3.38436559          0.75343632         -4.80962455
         -3.38411117          0.75030504         -4.81691841
         -3.38385444          0.74717396         -4.82421885
         -3.38359537          0.74404307         -4.83152544
         -3.38333394          0.74091237         -4.83883777
         -3.38307015          0.73778187         -4.84615542
         -3.38280397          0.73465158         -4.85347798
         -3.38253538          0.73152149         -4.86080504
         -3.38226437          0.72839160         -4.86813617
         -3.38199093          0.72526193         -4.87547097
         -3.38171502          0.72213248         -4.88280902
         -3.38143664          0.71900325         -4.89014991
         -3.38115576          0.71587424         -4.89749322
         -3.38087237          0.71274545         -4.90483855
         -3.38058644          0.70961690         -4.91218548
         -3.38029797          0.70648858         -4.91953361
         -3.38000693          0.70336049         -4.92688252
         -3.37971329          0.70023265         -4.93423181
         -3.37941705          0.69710506         -4.94158106
         -3.37911817          0.69397772         -4.94892988
         -3.37881665          0.69085063         -4.95627784
         -3.37851246          0.68772380         -4.96362456
         -3.37820558          0.68459723         -4.97096962
         -3.37789599          0.68147093         -4.97831262
         -3.37758366          0.67834490         -4.98565316
         -3.37726858          0.67521914         -4.99299082
         -3.37695073          0.67209367         -5.00032523
         -3.37663009          0.66896849         -5.00765596
         -3.37630663          0.66584359         -5.01498263
         -3.37598032          0.66271899         -5.02230483
         -3.37565116          0.65959469         -5.02962216
         -3.37531911          0.65647069         -5.03693424
         -3.37498415          0.65334701         -5.04424066
         -3.37464627          0.65022364         -5.05154103
         -3.37430543          0.64710059         -5.05883496
         -3.37396162          0.64397787         -5.06612205
         -3.37361480          0.64085548         -5.07340192
         -3.37326496          0.63773342         -5.08067417
         -3.37291207          0.63461171         -5.08793842
         -3.37255611          0.63149035         -5.09519427
         -3.37219705          0.62836935         -5.10244135
         -3.37183487          0.62524870         -5.10967926
         -3.37146954          0.62212842         -5.11690762
         -3.37110103          0.61900852         -5.12412606
         -3.37072933          0.61588899         -5.13133418
         -3.37035440          0.61276985         -5.13853162
         -3.36997621          0.60965110         -5.14571798
         -3.36959475          0.60653276         -5.15289290
         -3.36920998          0.60341482         -5.16005600
         -3.36882188          0.60029729         -5.16720691
         -3.36843042          0.59718018         -5.17434524
         -3.36803556          0.59406350         -5.18147063
         -3.36763729          0.59094725         -5.18858272
         -3.36723558          0.58783145         -5.19568113
         -3.36683039          0.58471610         -5.20276549
         -3.36642169          0.58160120         -5.20983544
         -3.36600946          0.57848677         -5.21689062
         -3.36559367          0.57537282         -5.22393067
         -3.36517429          0.57225934         -5.23095522
         -3.36475128          0.56914636         -5.23796391
         -3.36432461          0.56603387         -5.24495639
         -3.36389426          0.56292190         -5.25193231
         -3.36346020          0.55981044         -5.25889131
         -3.36302238          0.55669950         -5.26583303
         -3.36258079          0.55358910         -5.27275714
         -3.36213537          0.55047924         -5.27966327
         -3.36168612          0.54736994         -5.28655108
         -3.36123298          0.54426120         -5.29342024
         -3.36077593          0.54115303         -5.30027038
         -3.36031493          0.53804544         -5.30710119
         -3.35984995          0.53493845         -5.31391231
         -3.35938095          0.53183206         -5.32070340
         -3.35890791          0.52872629         -5.32747414
         -3.35843077          0.52562114         -5.33422419
         -3.35794951          0.52251663         -5.34095322
         -3.35746409          0.51941276         -5.34766090
         -3.35697448          0.51630956         -5.35434690
         -3.35648063          0.51320703         -5.36101090
         -3.35598251          0.51010517         -5.36765257
         -3.35548009          0.50700402         -5.37427159
         -3.35497331          0.50390357         -5.38086765
         -3.35446215          0.50080384         -5.38744043
         -3.35394657          0.49770484         -5.39398961
         -3.35342652          0.49460659         -5.40051488
         -3.35290197          0.49150910         -5.40701592
         -3.35237287          0.48841238         -5.41349245
         -3.35183919          0.48531645         -5.41994413
         -3.35130088          0.48222132         -5.42637068
         -3.35075790          0.47912701         -5.43277180
         -3.35021020          0.47603353         -5.43914717
         -3.34965776          0.47294089         -5.44549651
         -3.34910052          0.46984911         -5.45181952
         -3.34853844          0.46675821         -5.45811592
         -3.34797147          0.46366820         -5.46438540
         -3.34739957          0.46057910         -5.47062769
         -3.34682270          0.45749093         -5.47684250
         -3.34624081          0.45440370         -5.48302954
         -3.34565385          0.45131742         -5.48918855
         -3.34506178          0.44823212         -5.49531923
         -3.34446455          0.44514782         -5.50142132
         -3.34386211          0.44206453         -5.50749454
         -3.34325442          0.43898228         -5.51353863
         -3.34264142          0.43590107         -5.51955331
         -3.34202307          0.43282093         -5.52553833
         -3.34139932          0.42974188         -5.53149342
         -3.34077011          0.42666394         -5.53741832
         -3.34013540          0.42358714         -5.54331278
         -3.33949514          0.42051148         -5.54917654
         -3.33884927          0.41743699         -5.55500935
         -3.33819774          0.41436370         -5.56081096
         -3.33754050          0.41129163         -5.56658113
         -3.33687749          0.40822080         -5.57231961
         -3.33620866          0.40515122         -5.57802617
         -3.33553396          0.40208294         -5.58370056
         -3.33485334          0.39901596         -5.58934256
         -3.33416672          0.39595032         -5.59495193
         -3.33347407          0.39288603         -5.60052844
         -3.33277532          0.38982313         -5.60607186
         -3.33207042          0.38676164         -5.61158198
         -3.33135930          0.38370159         -5.61705857
         -3.33064191          0.38064300         -5.62250142
         -3.32991820          0.37758591         -5.62791030
         -3.32918809          0.37453033         -5.63328502
         -3.32845153          0.37147630         -5.63862536
         -3.32770847          0.36842385         -5.64393111
         -3.32695883          0.36537301         -5.64920208
         -3.32620255          0.36232380         -5.65443806
         -3.32543958          0.35927626         -5.65963886
         -3.32466986          0.35623043         -5.66480428
         -3.32389330          0.35318632         -5.66993413
         -3.32310986          0.35014399         -5.67502824
         -3.32231947          0.34710345         -5.68008640
         -3.32152205          0.34406474         -5.68510845
         -3.32071755          0.34102790         -5.69009419
         -3.31990591          0.33799297         -5.69504347
         -3.31908704          0.33495997         -5.69995610
         -3.31826088          0.33192895         -5.70483192
         -3.31742737          0.32889995         -5.70967076
         -3.31658644          0.32587300         -5.71447247
         -3.31573801          0.32284814         -5.71923687
         -3.31488201          0.31982541         -5.72396382
         -3.31401838          0.31680486         -5.72865316
         -3.31314704          0.31378652         -5.73330474
         -3.31226793          0.31077044         -5.73791842
         -3.31138096          0.30775665         -5.74249405
         -3.31048606          0.30474521         -5.74703149
         -3.30958317          0.30173616         -5.75153061
         -3.30867220          0.29872954         -5.75599127
         -3.30775309          0.29572541         -5.76041335
         -3.30682575          0.29272380         -5.76479671
         -3.30589012          0.28972477         -5.76914123
         -3.30494610          0.28672836         -5.77344679
         -3.30399363          0.28373464         -5.77771327
         -3.30303264          0.28074363         -5.78194056
         -3.30206303          0.27775541         -5.78612855
         -3.30108474          0.27477002         -5.79027713
         -3.30009768          0.27178752         -5.79438620
         -3.29910177          0.26880796         -5.79845565
         -3.29809694          0.26583140         -5.80248539
         -3.29708310          0.26285790         -5.80647532
         -3.29606017          0.25988751         -5.81042536
         -3.29502808          0.25692029         -5.81433540
         -3.29398673          0.25395630         -5.81820537
         -3.29293606          0.25099561         -5.82203519
         -3.29187597          0.24803828         -5.82582477
         -3.29080638          0.24508437         -5.82957405
         -3.28972721          0.24213395         -5.83328294
         -3.28863838          0.23918708         -5.83695139
         -3.28753980          0.23624382         -5.84057931
         -3.28643139          0.23330426         -5.84416666
         -3.28531306          0.23036846         -5.84771337
         -3.28418473          0.22743648         -5.85121938
         -3.28304632          0.22450841         -5.85468464
         -3.28189774          0.22158430         -5.85810911
         -3.28073891          0.21866425         -5.86149272
         -3.27956974          0.21574832         -5.86483544
         -3.27839014          0.21283659         -5.86813722
         -3.27720003          0.20992915         -5.87139804
         -3.27599934          0.20702606         -5.87461784
         -3.27478796          0.20412741         -5.87779660
         -3.27356582          0.20123328         -5.88093429
         -3.27233282          0.19834376         -5.88403088
         -3.27108890          0.19545893         -5.88708634
         -3.26983396          0.19257887         -5.89010066
         -3.26856791          0.18970368         -5.89307382
         -3.26729068          0.18683344         -5.89600579
         -3.26600218          0.18396824         -5.89889657
         -3.26470232          0.18110817         -5.90174615
         -3.26339103          0.17825333         -5.90455451
         -3.26206821          0.17540381         -5.90732164
         -3.26073380          0.17255970         -5.91004756
         -3.25938770          0.16972111         -5.91273225
         -3.25802984          0.16688812         -5.91537572
         -3.25666013          0.16406084         -5.91797796
         -3.25527850          0.16123937         -5.92053899
         -3.25388487          0.15842381         -5.92305882
         -3.25247915          0.15561426         -5.92553745
         -3.25106128          0.15281083         -5.92797489
         -3.24963117          0.15001362         -5.93037117
         -3.24818875          0.14722273         -5.93272629
         -3.24673394          0.14443828         -5.93504027
         -3.24526668          0.14166038         -5.93731314
         -3.24378689          0.13888913         -5.93954492
         -3.24229449          0.13612465         -5.94173562
         -3.24078943          0.13336705         -5.94388528
         -3.23927163          0.13061643         -5.94599392
         -3.23774101          0.12787292         -5.94806156
         -3.23619753          0.12513664         -5.95008825
         -3.23464112          0.12240769         -5.95207400
         -3.23307170          0.11968619         -5.95401885
         -3.23148923          0.11697227         -5.95592284
         -3.22989364          0.11426603         -5.95778600
         -3.22828488          0.11156761         -5.95960836
         -3.22666288          0.10887712         -5.96138996
         -3.22502761          0.10619468         -5.96313083
         -3.22337900          0.10352042         -5.96483102
         -3.22171700          0.10085445         -5.96649057
         -3.22004158          0.09819690         -5.96810950
         -3.21835268          0.09554790         -5.96968787
         -3.21665027          0.09290756         -5.97122571
         -3.21493429          0.09027601         -5.97272306
         -3.21320473          0.08765338         -5.97417997
         -3.21146152          0.08503979         -5.97559646
         -3.20970466          0.08243536         -5.97697259
         -3.20793410          0.07984023         -5.97830840
         -3.20614982          0.07725451         -5.97960393
         -3.20435179          0.07467833         -5.98085921
         -3.20253999          0.07211182         -5.98207428
         -3.20071441          0.06955509         -5.98324920
         -3.19887501          0.06700828         -5.98438399
         -3.19702180          0.06447151         -5.98547869
         -3.19515476          0.06194490         -5.98653335
         -3.19327387          0.05942858         -5.98754801
         -3.19137915          0.05692266         -5.98852269
         -3.18947058          0.05442728         -5.98945743
         -3.18754816          0.05194254         -5.99035228
         -3.18561191          0.04946857         -5.99120726
         -3.18366182          0.04700549         -5.99202241
         -3.18169791          0.04455342         -5.99279776
         -3.17972019          0.04211247         -5.99353334
         -3.17772868          0.03968276         -5.99422918
         -3.17572340          0.03726440         -5.99488531
         -3.17370437          0.03485750         -5.99550175
         -3.17167162          0.03246219         -5.99607854
         -3.16962518          0.03007856         -5.99661569
         -3.16756509          0.02770672         -5.99711323
         -3.16549137          0.02534679         -5.99757118
         -3.16340406          0.02299886         -5.99798956
         -3.16130322          0.02066304         -5.99836838
         -3.15918889          0.01833942         -5.99870766
         -3.15706111          0.01602811         -5.99900742
         -3.15491994          0.01372920         -5.99926767
         -3.15276543          0.01144279         -5.99948841
         -3.15059764          0.00916896         -5.99966966
         -3.14841663          0.00690780         -5.99981143
         -3.14622247          0.00465941         -5.99991371
         -3.14401523          0.00242386         -5.99997651
         -3.14179497          0.00020124         -5.99999984
